1, 14.851, -0.349, 1.5708, 0
2, 14.851, -0.349, 1.5708, 0
3, 14.851, -0.349, 1.5708, 0
4, 14.851, -0.349, 1.5708, 0
5, 14.851, -0.349, 1.5708, 0
6, 14.851, -0.349, 1.5708, 0
7, 14.851, -0.349, 1.5708, 0
8, 14.851, -0.339, 1.5708, 0
9, 14.851, -0.339, 1.5708, 0
10, 14.851, -0.329, 1.5708, 0
11, 14.851, -0.329, 1.5708, 0
12, 14.851, -0.319, 1.5708, 0
13, 14.851, -0.319, 1.5708, 0
14, 14.851, -0.309, 1.5708, 0
15, 14.851, -0.309, 1.5708, 0
16, 14.851, -0.289, 1.5708, 0
17, 14.851, -0.289, 1.5708, 0
18, 14.851, -0.289, 1.5708, 0
19, 14.851, -0.279, 1.5708, 0
20, 14.851, -0.279, 1.5708, 0
21, 14.851, -0.259, 1.5708, 0
22, 14.851, -0.259, 1.5708, 0
23, 14.851, -0.239, 1.5708, 0
24, 14.851, -0.239, 1.5708, 0
25, 14.851, -0.209, 1.5708, 0
26, 14.851, -0.189, 1.5708, 0
27, 14.851, -0.179, 1.5708, 0
28, 14.851, -0.179, 1.5708, 0
29, 14.851, -0.159, 1.5708, 0
30, 14.851, -0.159, 1.5708, 0
31, 14.851, -0.139, 1.5708, 0
32, 14.851, -0.139, 1.5708, 0
33, 14.851, -0.119, 1.5708, 0
34, 14.851, -0.119, 1.5708, 0
35, 14.851, -0.099, 1.5708, 0
36, 14.851, -0.079, 1.5708, 0
37, 14.851, -0.079, 1.5708, 0
38, 14.851, -0.079, 1.5708, 0
39, 14.851, -0.059, 1.5708, 0
40, 14.851, -0.059, 1.5708, 0
41, 14.851, -0.029, 1.5708, 0
42, 14.851, -0.029, 1.5708, 0
43, 14.851, 0.000999993, 1.5708, 0
44, 14.851, 0.000999993, 1.5708, 0
45, 14.851, 0.021, 1.5708, 0
46, 14.851, 0.021, 1.5708, 0
47, 14.851, 0.041, 1.5708, 0
48, 14.851, 0.041, 1.5708, 0
49, 14.851, 0.061, 1.5708, 0
50, 14.851, 0.061, 1.5708, 0
51, 14.851, 0.081, 1.5708, 0
52, 14.851, 0.081, 1.5708, 0
53, 14.851, 0.111, 1.5708, 0
54, 14.851, 0.111, 1.5708, 0
55, 14.851, 0.111, 1.5708, 0
56, 14.851, 0.131, 1.5708, 0
57, 14.851, 0.131, 1.5708, 0
58, 14.851, 0.151, 1.5708, 0
59, 14.851, 0.151, 1.5708, 0
60, 14.851, 0.181, 1.5708, 0
61, 14.851, 0.181, 1.5708, 0
62, 14.851, 0.201, 1.5708, 0
63, 14.851, 0.201, 1.5708, 0
64, 14.851, 0.221, 1.5708, 0
65, 14.851, 0.221, 1.5708, 0
66, 14.851, 0.251, 1.5708, 0
67, 14.851, 0.251, 1.5708, 0
68, 14.851, 0.271, 1.5708, 0
69, 14.851, 0.271, 1.5708, 0
70, 14.851, 0.291, 1.5708, 0
71, 14.851, 0.291, 1.5708, 0
72, 14.851, 0.311, 1.5708, 0
73, 14.851, 0.311, 1.5708, 0
74, 14.851, 0.311, 1.5708, 0
75, 14.851, 0.341, 1.5708, 0
76, 14.851, 0.361, 1.5708, 0
77, 14.851, 0.371, 1.5708, 0
78, 14.851, 0.371, 1.5708, 0
79, 14.851, 0.391, 1.5708, 0
80, 14.851, 0.391, 1.5708, 0
81, 14.851, 0.411, 1.5708, 0
82, 14.851, 0.411, 1.5708, 0
83, 14.851, 0.431, 1.5708, 0
84, 14.851, 0.431, 1.5708, 0
85, 14.851, 0.451, 1.5708, 0
86, 14.851, 0.451, 1.5708, 0
87, 14.851, 0.471, 1.5708, 0
88, 14.851, 0.471, 1.5708, 0
89, 14.851, 0.491, 1.5708, 0
90, 14.851, 0.491, 1.5708, 0
91, 14.851, 0.521, 1.5708, 0
92, 14.851, 0.521, 1.5708, 0
93, 14.851, 0.541, 1.5708, 0
94, 14.851, 0.541, 1.5708, 0
95, 14.851, 0.561, 1.5708, 0
96, 14.851, 0.561, 1.5708, 0
97, 14.851, 0.591, 1.5708, 0
98, 14.851, 0.591, 1.5708, 0
99, 14.851, 0.611, 1.5708, 0
100, 14.851, 0.611, 1.5708, 0
101, 14.851, 0.631, 1.5708, 0
102, 14.851, 0.631, 1.5708, 0
103, 14.851, 0.661, 1.5708, 0
104, 14.851, 0.661, 1.5708, 0
105, 14.851, 0.661, 1.5708, 0
106, 14.851, 0.681, 1.5708, 0
107, 14.851, 0.681, 1.5708, 0
108, 14.851, 0.701, 1.5708, 0
109, 14.851, 0.701, 1.5708, 0
110, 14.851, 0.721, 1.5708, 0
111, 14.851, 0.721, 1.5708, 0
112, 14.851, 0.741, 1.5708, 0
113, 14.851, 0.741, 1.5708, 0
114, 14.851, 0.761, 1.5708, 0
115, 14.851, 0.761, 1.5708, 0
116, 14.851, 0.781, 1.5708, 0
117, 14.851, 0.781, 1.5708, 0
118, 14.851, 0.811, 1.5708, 0
119, 14.851, 0.811, 1.5708, 0
120, 14.851, 0.831, 1.5708, 0
121, 14.851, 0.841, 1.5708, 0
122, 14.851, 0.841, 1.5708, 0
123, 14.851, 0.861, 1.5708, 0
124, 14.851, 0.861, 1.5708, 0
125, 14.851, 0.881, 1.5708, 0
126, 14.851, 0.881, 1.5708, 0
127, 14.851, 0.901, 1.5708, 0
128, 14.851, 0.901, 1.5708, 0
129, 14.851, 0.921, 1.5708, 0
130, 14.851, 0.941, 1.5708, 0
131, 14.851, 0.941, 1.5708, 0
132, 14.851, 0.961, 1.5708, 0
133, 14.851, 0.961, 1.5708, 0
134, 14.851, 0.961, 1.5708, 0
135, 14.851, 0.991, 1.5708, 0
136, 14.851, 0.991, 1.5708, 0
137, 14.851, 1.011, 1.5708, 0
138, 14.851, 1.011, 1.5708, 0
139, 14.851, 1.021, 1.5708, 0
140, 14.851, 1.021, 1.5708, 0
141, 14.851, 1.041, 1.5708, 0
142, 14.851, 1.041, 1.5708, 0
143, 14.851, 1.061, 1.5708, 0
144, 14.851, 1.071, 1.5708, 0
145, 14.851, 1.081, 1.5708, 0
146, 14.851, 1.081, 1.5708, 0
147, 14.851, 1.101, 1.5708, 0
148, 14.851, 1.101, 1.5708, 0
149, 14.851, 1.121, 1.5708, 0
150, 14.851, 1.121, 1.5708, 0
151, 14.851, 1.141, 1.5708, 0
152, 14.851, 1.141, 1.5708, 0
153, 14.851, 1.161, 1.5708, 0
154, 14.851, 1.161, 1.5708, 0
155, 14.851, 1.161, 1.5708, 0
156, 14.851, 1.181, 1.5708, 0
157, 14.851, 1.181, 1.5708, 0
158, 14.851, 1.191, 1.5708, 0
159, 14.851, 1.191, 1.5708, 0
160, 14.851, 1.211, 1.5708, 0
161, 14.851, 1.211, 1.5708, 0
162, 14.851, 1.221, 1.5708, 0
163, 14.851, 1.221, 1.5708, 0
164, 14.851, 1.241, 1.5708, 0
165, 14.851, 1.241, 1.5708, 0
166, 14.851, 1.261, 1.5708, 0
167, 14.851, 1.261, 1.5708, 0
168, 14.851, 1.271, 1.5708, 0
169, 14.851, 1.271, 1.5708, 0
170, 14.851, 1.291, 1.5708, 0
171, 14.851, 1.291, 1.5708, 0
172, 14.851, 1.311, 1.5708, 0
173, 14.851, 1.351, 1.5708, -0.153749
174, 14.851, 1.351, 1.5708, -0.153749
175, 14.851, 1.351, 1.5708, -0.153749
176, 14.851, 1.351, 1.5708, -0.153749
177, 14.851, 1.36498, 1.56863, -0.156522
178, 14.851, 1.36498, 1.56863, -0.156522
179, 14.8511, 1.3789, 1.56643, -0.159344
180, 14.8511, 1.3789, 1.56643, -0.159344
181, 14.8511, 1.39274, 1.5642, -0.162215
182, 14.8511, 1.39274, 1.5642, -0.162215
183, 14.8512, 1.40651, 1.56195, -0.165137
184, 14.8512, 1.40651, 1.56195, -0.165137
185, 14.8514, 1.42022, 1.55967, -0.16811
186, 14.8514, 1.42022, 1.55967, -0.16811
187, 14.8515, 1.43385, 1.55735, -0.171135
188, 14.8515, 1.43385, 1.55735, -0.171135
189, 14.852, 1.46091, 1.55264, -0.177346
190, 14.852, 1.46091, 1.55264, -0.177346
191, 14.8522, 1.47434, 1.55024, -0.180532
192, 14.8522, 1.47434, 1.55024, -0.180532
193, 14.8528, 1.50098, 1.54534, -0.187074
194, 14.8528, 1.50098, 1.54534, -0.187074
195, 14.8532, 1.5142, 1.54284, -0.19043
196, 14.8532, 1.5142, 1.54284, -0.19043
197, 14.8536, 1.52735, 1.54031, -0.193845
198, 14.8536, 1.52735, 1.54031, -0.193845
199, 14.854, 1.54044, 1.53775, -0.197319
200, 14.854, 1.54044, 1.53775, -0.197319
201, 14.8544, 1.55345, 1.53516, -0.200853
202, 14.8544, 1.55345, 1.53516, -0.200853
203, 14.8554, 1.57928, 1.52988, -0.208105
204, 14.8554, 1.57928, 1.52988, -0.208105
205, 14.856, 1.59209, 1.52718, -0.211826
206, 14.8566, 1.60484, 1.52446, -0.21561
207, 14.8566, 1.60484, 1.52446, -0.21561
208, 14.8572, 1.61751, 1.5217, -0.219459
209, 14.8572, 1.61751, 1.5217, -0.219459
210, 14.8578, 1.63012, 1.5189, -0.223374
211, 14.8578, 1.63012, 1.5189, -0.223374
212, 14.8585, 1.64267, 1.51607, -0.227356
213, 14.8585, 1.64267, 1.51607, -0.227356
214, 14.8599, 1.66755, 1.5103, -0.235524
215, 14.8599, 1.66755, 1.5103, -0.235524
216, 14.8599, 1.66755, 1.5103, -0.235524
217, 14.8615, 1.69217, 1.50439, -0.24397
218, 14.8615, 1.69217, 1.50439, -0.24397
219, 14.8623, 1.70439, 1.50138, -0.248301
220, 14.8623, 1.70439, 1.50138, -0.248301
221, 14.8632, 1.71653, 1.49833, -0.252703
222, 14.8632, 1.71653, 1.49833, -0.252703
223, 14.865, 1.74062, 1.49211, -0.261731
224, 14.865, 1.74062, 1.49211, -0.261731
225, 14.865, 1.74062, 1.49211, -0.261731
226, 14.8669, 1.76446, 1.48574, -0.27106
227, 14.8669, 1.76446, 1.48574, -0.27106
228, 14.868, 1.77627, 1.4825, -0.27584
229, 14.868, 1.77627, 1.4825, -0.27584
230, 14.869, 1.78803, 1.47921, -0.280699
231, 14.869, 1.78803, 1.47921, -0.280699
232, 14.8712, 1.81134, 1.47253, -0.290654
233, 14.8712, 1.81134, 1.47253, -0.290654
234, 14.8724, 1.8229, 1.46912, -0.295753
235, 14.8724, 1.8229, 1.46912, -0.295753
236, 14.8748, 1.84583, 1.46218, -0.306197
237, 14.8748, 1.84583, 1.46218, -0.306197
238, 14.8748, 1.84583, 1.46218, -0.306197
239, 14.8774, 1.8685, 1.45507, -0.316975
240, 14.8774, 1.8685, 1.45507, -0.316975
241, 14.8787, 1.87974, 1.45146, -0.322491
242, 14.8787, 1.87974, 1.45146, -0.322491
243, 14.8801, 1.89091, 1.44779, -0.328094
244, 14.8801, 1.89091, 1.44779, -0.328094
245, 14.8829, 1.91308, 1.44034, -0.339559
246, 14.8829, 1.91308, 1.44034, -0.339559
247, 14.8843, 1.92406, 1.43654, -0.345423
248, 14.8843, 1.92406, 1.43654, -0.345423
249, 14.8874, 1.94585, 1.42881, -0.357419
250, 14.8874, 1.94585, 1.42881, -0.357419
251, 14.8874, 1.94585, 1.42881, -0.357419
252, 14.8889, 1.95665, 1.42488, -0.363552
253, 14.8889, 1.95665, 1.42488, -0.363552
254, 14.8922, 1.97806, 1.41687, -0.376088
255, 14.8922, 1.97806, 1.41687, -0.376088
256, 14.8955, 1.99923, 1.40867, -0.38899
257, 14.8955, 1.99923, 1.40867, -0.38899
258, 14.8991, 2.02014, 1.40028, -0.40226
259, 14.8991, 2.02014, 1.40028, -0.40226
260, 14.9009, 2.03051, 1.39601, -0.409034
261, 14.9009, 2.03051, 1.39601, -0.409034
262, 14.9009, 2.03051, 1.39601, -0.409034
263, 14.9046, 2.05106, 1.38733, -0.422859
264, 14.9046, 2.05106, 1.38733, -0.422859
265, 14.9065, 2.06125, 1.38291, -0.429911
266, 14.9065, 2.06125, 1.38291, -0.429911
267, 14.9104, 2.08143, 1.37392, -0.444293
268, 14.9104, 2.08143, 1.37392, -0.444293
269, 14.9104, 2.08143, 1.37392, -0.444293
270, 14.9124, 2.09144, 1.36935, -0.451623
271, 14.9124, 2.09144, 1.36935, -0.451623
272, 14.9166, 2.11126, 1.36005, -0.466557
273, 14.9166, 2.11126, 1.36005, -0.466557
274, 14.9209, 2.13085, 1.35054, -0.481856
275, 14.9209, 2.13085, 1.35054, -0.481856
276, 14.9209, 2.13085, 1.35054, -0.481856
277, 14.9253, 2.1502, 1.34082, -0.497513
278, 14.9253, 2.1502, 1.34082, -0.497513
279, 14.9276, 2.15978, 1.33588, -0.505475
280, 14.9276, 2.15978, 1.33588, -0.505475
281, 14.9322, 2.17878, 1.32584, -0.521657
282, 14.9322, 2.17878, 1.32584, -0.521657
283, 14.9322, 2.17878, 1.32584, -0.521657
284, 14.937, 2.19754, 1.31558, -0.538176
285, 14.937, 2.19754, 1.31558, -0.538176
286, 14.9395, 2.20683, 1.31037, -0.546559
287, 14.9395, 2.20683, 1.31037, -0.546559
288, 14.9445, 2.22524, 1.29978, -0.563562
289, 14.9445, 2.22524, 1.29978, -0.563562
290, 14.9445, 2.22524, 1.29978, -0.563562
291, 14.9496, 2.24342, 1.28897, -0.580868
292, 14.9496, 2.24342, 1.28897, -0.580868
293, 14.9523, 2.25243, 1.28348, -0.589629
294, 14.9549, 2.26137, 1.27793, -0.598459
295, 14.9549, 2.26137, 1.27793, -0.598459
296, 14.9576, 2.27026, 1.27233, -0.607356
297, 14.9576, 2.27026, 1.27233, -0.607356
298, 14.9632, 2.28787, 1.26095, -0.625336
299, 14.9632, 2.28787, 1.26095, -0.625336
300, 14.9688, 2.30525, 1.24935, -0.643545
301, 14.9688, 2.30525, 1.24935, -0.643545
302, 14.9688, 2.30525, 1.24935, -0.643545
303, 14.9717, 2.31386, 1.24347, -0.652727
304, 14.9717, 2.31386, 1.24347, -0.652727
305, 14.9747, 2.32241, 1.23753, -0.661955
306, 14.9747, 2.32241, 1.23753, -0.661955
307, 14.9806, 2.33934, 1.22548, -0.680537
308, 14.9806, 2.33934, 1.22548, -0.680537
309, 14.9837, 2.34772, 1.21936, -0.689882
310, 14.9837, 2.34772, 1.21936, -0.689882
311, 14.9899, 2.36432, 1.20697, -0.708656
312, 14.9899, 2.36432, 1.20697, -0.708656
313, 14.9963, 2.3807, 1.19436, -0.727511
314, 14.9995, 2.38881, 1.18797, -0.736957
315, 14.9995, 2.38881, 1.18797, -0.736957
316, 15.0028, 2.39686, 1.18152, -0.746407
317, 15.0028, 2.39686, 1.18152, -0.746407
318, 15.0061, 2.40486, 1.17502, -0.755856
319, 15.0061, 2.40486, 1.17502, -0.755856
320, 15.0094, 2.41281, 1.16846, -0.765298
321, 15.0094, 2.41281, 1.16846, -0.765298
322, 15.0162, 2.42853, 1.15518, -0.784138
323, 15.0162, 2.42853, 1.15518, -0.784138
324, 15.0232, 2.44404, 1.14169, -0.802876
325, 15.0232, 2.44404, 1.14169, -0.802876
326, 15.0232, 2.44404, 1.14169, -0.802876
327, 15.0303, 2.45934, 1.12798, -0.821459
328, 15.0303, 2.45934, 1.12798, -0.821459
329, 15.034, 2.46691, 1.12105, -0.830675
330, 15.034, 2.46691, 1.12105, -0.830675
331, 15.0376, 2.47442, 1.11407, -0.839831
332, 15.0376, 2.47442, 1.11407, -0.839831
333, 15.0413, 2.48189, 1.10703, -0.84892
334, 15.0413, 2.48189, 1.10703, -0.84892
335, 15.0488, 2.49665, 1.09282, -0.866866
336, 15.0488, 2.49665, 1.09282, -0.866866
337, 15.0488, 2.49665, 1.09282, -0.866866
338, 15.0526, 2.50396, 1.08564, -0.875708
339, 15.0526, 2.50396, 1.08564, -0.875708
340, 15.0565, 2.51121, 1.07841, -0.884452
341, 15.0565, 2.51121, 1.07841, -0.884452
342, 15.0604, 2.51841, 1.07113, -0.89309
343, 15.0604, 2.51841, 1.07113, -0.89309
344, 15.0643, 2.52556, 1.0638, -0.901615
345, 15.0643, 2.52556, 1.0638, -0.901615
346, 15.0683, 2.53266, 1.05643, -0.910018
347, 15.0683, 2.53266, 1.05643, -0.910018
348, 15.0683, 2.53266, 1.05643, -0.910018
349, 15.0683, 2.53266, 1.05643, -0.910018
350, 15.0723, 2.53971, 1.04902, -0.918292
351, 15.0723, 2.53971, 1.04902, -0.918292
352, 15.0764, 2.5467, 1.04156, -0.926427
353, 15.0764, 2.5467, 1.04156, -0.926427
354, 15.0805, 2.55365, 1.03406, -0.934416
355, 15.0805, 2.55365, 1.03406, -0.934416
356, 15.0805, 2.55365, 1.03406, -0.934416
357, 15.0846, 2.56054, 1.02651, -0.942251
358, 15.0846, 2.56054, 1.02651, -0.942251
359, 15.0888, 2.56738, 1.01893, -0.949924
360, 15.0888, 2.56738, 1.01893, -0.949924
361, 15.093, 2.57418, 1.01131, -0.957426
362, 15.093, 2.57418, 1.01131, -0.957426
363, 15.0973, 2.58092, 1.00364, -0.96475
364, 15.0973, 2.58092, 1.00364, -0.96475
365, 15.0973, 2.58092, 1.00364, -0.96475
366, 15.1016, 2.58761, 0.995942, -0.971887
367, 15.1016, 2.58761, 0.995942, -0.971887
368, 15.1059, 2.59425, 0.988204, -0.978829
369, 15.1059, 2.59425, 0.988204, -0.978829
370, 15.1059, 2.59425, 0.988204, -0.978829
371, 15.1103, 2.60084, 0.980432, -0.98557
372, 15.1103, 2.60084, 0.980432, -0.98557
373, 15.1147, 2.60738, 0.972625, -0.9921
374, 15.1147, 2.60738, 0.972625, -0.9921
375, 15.1192, 2.61387, 0.964785, -0.998413
376, 15.1192, 2.61387, 0.964785, -0.998413
377, 15.1237, 2.62032, 0.956915, -1.0045
378, 15.1237, 2.62032, 0.956915, -1.0045
379, 15.1282, 2.62671, 0.949013, -1.01036
380, 15.1282, 2.62671, 0.949013, -1.01036
381, 15.1282, 2.62671, 0.949013, -1.01036
382, 15.1328, 2.63305, 0.941084, -1.01597
383, 15.1328, 2.63305, 0.941084, -1.01597
384, 15.1328, 2.63305, 0.941084, -1.01597
385, 15.1328, 2.63305, 0.941084, -1.01597
386, 15.1374, 2.63935, 0.933126, -1.02134
387, 15.1374, 2.63935, 0.933126, -1.02134
388, 15.1421, 2.64559, 0.925143, -1.02646
389, 15.1421, 2.64559, 0.925143, -1.02646
390, 15.1421, 2.64559, 0.925143, -1.02646
391, 15.1468, 2.65179, 0.917135, -1.03132
392, 15.1468, 2.65179, 0.917135, -1.03132
393, 15.1516, 2.65794, 0.909104, -1.03591
394, 15.1516, 2.65794, 0.909104, -1.03591
395, 15.1516, 2.65794, 0.909104, -1.03591
396, 15.1516, 2.65794, 0.909104, -1.03591
397, 15.1563, 2.66404, 0.901052, -1.04024
398, 15.1563, 2.66404, 0.901052, -1.04024
399, 15.1612, 2.67009, 0.89298, -1.04428
400, 15.1612, 2.67009, 0.89298, -1.04428
401, 15.166, 2.6761, 0.884889, -1.04805
402, 15.166, 2.6761, 0.884889, -1.04805
403, 15.171, 2.68205, 0.876781, -1.05153
404, 15.171, 2.68205, 0.876781, -1.05153
405, 15.171, 2.68205, 0.876781, -1.05153
406, 15.171, 2.68205, 0.876781, -1.05153
407, 15.1759, 2.68796, 0.868657, -1.05472
408, 15.1759, 2.68796, 0.868657, -1.05472
409, 15.1809, 2.69382, 0.86052, -1.05761
410, 15.1809, 2.69382, 0.86052, -1.05761
411, 15.1809, 2.69382, 0.86052, -1.05761
412, 15.1809, 2.69382, 0.86052, -1.05761
413, 15.186, 2.69964, 0.852371, -1.0602
414, 15.186, 2.69964, 0.852371, -1.0602
415, 15.191, 2.70541, 0.844211, -1.06249
416, 15.191, 2.70541, 0.844211, -1.06249
417, 15.191, 2.70541, 0.844211, -1.06249
418, 15.1962, 2.71113, 0.836042, -1.06448
419, 15.1962, 2.71113, 0.836042, -1.06448
420, 15.1962, 2.71113, 0.836042, -1.06448
421, 15.1962, 2.71113, 0.836042, -1.06448
422, 15.2013, 2.7168, 0.827866, -1.06616
423, 15.2013, 2.7168, 0.827866, -1.06616
424, 15.2066, 2.72243, 0.819685, -1.06753
425, 15.2066, 2.72243, 0.819685, -1.06753
426, 15.2118, 2.72801, 0.811499, -1.06859
427, 15.2118, 2.72801, 0.811499, -1.06859
428, 15.2118, 2.72801, 0.811499, -1.06859
429, 15.2171, 2.73354, 0.803311, -1.06933
430, 15.2171, 2.73354, 0.803311, -1.06933
431, 15.2171, 2.73354, 0.803311, -1.06933
432, 15.2171, 2.73354, 0.803311, -1.06933
433, 15.2224, 2.73903, 0.795123, -1.06976
434, 15.2224, 2.73903, 0.795123, -1.06976
435, 15.2224, 2.73903, 0.795123, -1.06976
436, 15.2224, 2.73903, 0.795123, -1.06976
437, 15.2278, 2.74447, 0.786935, -1.06987
438, 15.2278, 2.74447, 0.786935, -1.06987
439, 15.2332, 2.74987, 0.77875, -1.06967
440, 15.2332, 2.74987, 0.77875, -1.06967
441, 15.2332, 2.74987, 0.77875, -1.06967
442, 15.2332, 2.74987, 0.77875, -1.06967
443, 15.2332, 2.74987, 0.77875, -1.06967
444, 15.2387, 2.75522, 0.77057, -1.06916
445, 15.2387, 2.75522, 0.77057, -1.06916
446, 15.2442, 2.76052, 0.762396, -1.06833
447, 15.2442, 2.76052, 0.762396, -1.06833
448, 15.2442, 2.76052, 0.762396, -1.06833
449, 15.2498, 2.76578, 0.754229, -1.06719
450, 15.2498, 2.76578, 0.754229, -1.06719
451, 15.2498, 2.76578, 0.754229, -1.06719
452, 15.2498, 2.76578, 0.754229, -1.06719
453, 15.2554, 2.771, 0.746071, -1.06574
454, 15.2554, 2.771, 0.746071, -1.06574
455, 15.2554, 2.771, 0.746071, -1.06574
456, 15.2554, 2.771, 0.746071, -1.06574
457, 15.261, 2.77617, 0.737925, -1.06398
458, 15.261, 2.77617, 0.737925, -1.06398
459, 15.2667, 2.78129, 0.729791, -1.06191
460, 15.2667, 2.78129, 0.729791, -1.06191
461, 15.2667, 2.78129, 0.729791, -1.06191
462, 15.2667, 2.78129, 0.729791, -1.06191
463, 15.2724, 2.78637, 0.721672, -1.05954
464, 15.2724, 2.78637, 0.721672, -1.05954
465, 15.2782, 2.79141, 0.713568, -1.05687
466, 15.2782, 2.79141, 0.713568, -1.05687
467, 15.2782, 2.79141, 0.713568, -1.05687
468, 15.2782, 2.79141, 0.713568, -1.05687
469, 15.284, 2.7964, 0.705482, -1.0539
470, 15.284, 2.7964, 0.705482, -1.0539
471, 15.284, 2.7964, 0.705482, -1.0539
472, 15.284, 2.7964, 0.705482, -1.0539
473, 15.2899, 2.80134, 0.697415, -1.05064
474, 15.2899, 2.80134, 0.697415, -1.05064
475, 15.2958, 2.80625, 0.689369, -1.04709
476, 15.2958, 2.80625, 0.689369, -1.04709
477, 15.2958, 2.80625, 0.689369, -1.04709
478, 15.3017, 2.81111, 0.681344, -1.04326
479, 15.3017, 2.81111, 0.681344, -1.04326
480, 15.3017, 2.81111, 0.681344, -1.04326
481, 15.3077, 2.81592, 0.673343, -1.03914
482, 15.3077, 2.81592, 0.673343, -1.03914
483, 15.3077, 2.81592, 0.673343, -1.03914
484, 15.3077, 2.81592, 0.673343, -1.03914
485, 15.3137, 2.82069, 0.665368, -1.03476
486, 15.3137, 2.82069, 0.665368, -1.03476
487, 15.3137, 2.82069, 0.665368, -1.03476
488, 15.3198, 2.82542, 0.657419, -1.0301
489, 15.3198, 2.82542, 0.657419, -1.0301
490, 15.3259, 2.83011, 0.649498, -1.02519
491, 15.3259, 2.83011, 0.649498, -1.02519
492, 15.3259, 2.83011, 0.649498, -1.02519
493, 15.3259, 2.83011, 0.649498, -1.02519
494, 15.3321, 2.83475, 0.641606, -1.02002
495, 15.3321, 2.83475, 0.641606, -1.02002
496, 15.3383, 2.83935, 0.633745, -1.0146
497, 15.3383, 2.83935, 0.633745, -1.0146
498, 15.3445, 2.84391, 0.625917, -1.00893
499, 15.3445, 2.84391, 0.625917, -1.00893
500, 15.3508, 2.84842, 0.618121, -1.00303
501, 15.3508, 2.84842, 0.618121, -1.00303
502, 15.3508, 2.84842, 0.618121, -1.00303
503, 15.3508, 2.84842, 0.618121, -1.00303
504, 15.3572, 2.8529, 0.610361, -0.996903
505, 15.3572, 2.8529, 0.610361, -0.996903
506, 15.3636, 2.85733, 0.602637, -0.990552
507, 15.3636, 2.85733, 0.602637, -0.990552
508, 15.3636, 2.85733, 0.602637, -0.990552
509, 15.37, 2.86172, 0.59495, -0.983988
510, 15.37, 2.86172, 0.59495, -0.983988
511, 15.3765, 2.86606, 0.587301, -0.977216
512, 15.3765, 2.86606, 0.587301, -0.977216
513, 15.383, 2.87037, 0.579693, -0.970246
514, 15.383, 2.87037, 0.579693, -0.970246
515, 15.3896, 2.87463, 0.572125, -0.963084
516, 15.3896, 2.87463, 0.572125, -0.963084
517, 15.3962, 2.87885, 0.564599, -0.955739
518, 15.3962, 2.87885, 0.564599, -0.955739
519, 15.3962, 2.87885, 0.564599, -0.955739
520, 15.3962, 2.87885, 0.564599, -0.955739
521, 15.3962, 2.87885, 0.564599, -0.955739
522, 15.4028, 2.88303, 0.557115, -0.948218
523, 15.4028, 2.88303, 0.557115, -0.948218
524, 15.4095, 2.88717, 0.549676, -0.94053
525, 15.4095, 2.88717, 0.549676, -0.94053
526, 15.4163, 2.89127, 0.542282, -0.932683
527, 15.4163, 2.89127, 0.542282, -0.932683
528, 15.4231, 2.89533, 0.534934, -0.924684
529, 15.4231, 2.89533, 0.534934, -0.924684
530, 15.4299, 2.89935, 0.527632, -0.916542
531, 15.4299, 2.89935, 0.527632, -0.916542
532, 15.4368, 2.90333, 0.520378, -0.908264
533, 15.4368, 2.90333, 0.520378, -0.908264
534, 15.4368, 2.90333, 0.520378, -0.908264
535, 15.4368, 2.90333, 0.520378, -0.908264
536, 15.4437, 2.90727, 0.513173, -0.899859
537, 15.4437, 2.90727, 0.513173, -0.899859
538, 15.4507, 2.91116, 0.506017, -0.891335
539, 15.4577, 2.91502, 0.498911, -0.882699
540, 15.4577, 2.91502, 0.498911, -0.882699
541, 15.4577, 2.91502, 0.498911, -0.882699
542, 15.4577, 2.91502, 0.498911, -0.882699
543, 15.4648, 2.91884, 0.491856, -0.873959
544, 15.4648, 2.91884, 0.491856, -0.873959
545, 15.4719, 2.92262, 0.484853, -0.865124
546, 15.4719, 2.92262, 0.484853, -0.865124
547, 15.479, 2.92636, 0.477902, -0.8562
548, 15.4863, 2.93006, 0.471003, -0.847195
549, 15.4863, 2.93006, 0.471003, -0.847195
550, 15.4863, 2.93006, 0.471003, -0.847195
551, 15.4935, 2.93372, 0.464158, -0.838117
552, 15.4935, 2.93372, 0.464158, -0.838117
553, 15.5008, 2.93734, 0.457367, -0.828973
554, 15.5008, 2.93734, 0.457367, -0.828973
555, 15.5081, 2.94093, 0.450631, -0.81977
556, 15.5081, 2.94093, 0.450631, -0.81977
557, 15.5081, 2.94093, 0.450631, -0.81977
558, 15.5081, 2.94093, 0.450631, -0.81977
559, 15.5155, 2.94447, 0.443949, -0.810515
560, 15.5155, 2.94447, 0.443949, -0.810515
561, 15.523, 2.94798, 0.437323, -0.801215
562, 15.523, 2.94798, 0.437323, -0.801215
563, 15.5305, 2.95145, 0.430752, -0.791877
564, 15.5305, 2.95145, 0.430752, -0.791877
565, 15.5305, 2.95145, 0.430752, -0.791877
566, 15.538, 2.95488, 0.424238, -0.782507
567, 15.538, 2.95488, 0.424238, -0.782507
568, 15.5456, 2.95827, 0.41778, -0.773112
569, 15.5456, 2.95827, 0.41778, -0.773112
570, 15.5532, 2.96163, 0.411379, -0.763697
571, 15.5532, 2.96163, 0.411379, -0.763697
572, 15.5609, 2.96494, 0.405036, -0.75427
573, 15.5609, 2.96494, 0.405036, -0.75427
574, 15.5686, 2.96822, 0.398749, -0.744835
575, 15.5686, 2.96822, 0.398749, -0.744835
576, 15.5763, 2.97147, 0.39252, -0.735398
577, 15.5763, 2.97147, 0.39252, -0.735398
578, 15.5842, 2.97467, 0.38635, -0.725965
579, 15.5842, 2.97467, 0.38635, -0.725965
580, 15.592, 2.97784, 0.380237, -0.716542
581, 15.592, 2.97784, 0.380237, -0.716542
582, 15.5999, 2.98098, 0.374182, -0.707132
583, 15.5999, 2.98098, 0.374182, -0.707132
584, 15.6079, 2.98407, 0.368185, -0.697742
585, 15.6079, 2.98407, 0.368185, -0.697742
586, 15.6239, 2.99016, 0.356367, -0.679038
587, 15.6239, 2.99016, 0.356367, -0.679038
588, 15.6239, 2.99016, 0.356367, -0.679038
589, 15.632, 2.99315, 0.350546, -0.669732
590, 15.632, 2.99315, 0.350546, -0.669732
591, 15.6402, 2.9961, 0.344783, -0.660464
592, 15.6402, 2.9961, 0.344783, -0.660464
593, 15.6484, 2.99901, 0.339078, -0.651237
594, 15.6484, 2.99901, 0.339078, -0.651237
595, 15.6566, 3.00189, 0.333432, -0.642054
596, 15.6566, 3.00189, 0.333432, -0.642054
597, 15.6732, 3.00755, 0.322315, -0.623837
598, 15.6732, 3.00755, 0.322315, -0.623837
599, 15.6816, 3.01033, 0.316843, -0.614809
600, 15.6901, 3.01307, 0.31143, -0.60584
601, 15.6901, 3.01307, 0.31143, -0.60584
602, 15.6986, 3.01577, 0.306075, -0.596931
603, 15.6986, 3.01577, 0.306075, -0.596931
604, 15.7071, 3.01844, 0.300777, -0.588086
605, 15.7071, 3.01844, 0.300777, -0.588086
606, 15.7243, 3.02368, 0.290354, -0.570598
607, 15.7243, 3.02368, 0.290354, -0.570598
608, 15.733, 3.02625, 0.285229, -0.561959
609, 15.733, 3.02625, 0.285229, -0.561959
610, 15.733, 3.02625, 0.285229, -0.561959
611, 15.7505, 3.03129, 0.275149, -0.544903
612, 15.7505, 3.03129, 0.275149, -0.544903
613, 15.7682, 3.03619, 0.265295, -0.528154
614, 15.7682, 3.03619, 0.265295, -0.528154
615, 15.7682, 3.03619, 0.265295, -0.528154
616, 15.7771, 3.03859, 0.260452, -0.519899
617, 15.7771, 3.03859, 0.260452, -0.519899
618, 15.7771, 3.03859, 0.260452, -0.519899
619, 15.7951, 3.0433, 0.250934, -0.503636
620, 15.7951, 3.0433, 0.250934, -0.503636
621, 15.8133, 3.04787, 0.241635, -0.487708
622, 15.8133, 3.04787, 0.241635, -0.487708
623, 15.8225, 3.05011, 0.237068, -0.479873
624, 15.8317, 3.05232, 0.232555, -0.472125
625, 15.8317, 3.05232, 0.232555, -0.472125
626, 15.841, 3.05449, 0.228095, -0.464464
627, 15.841, 3.05449, 0.228095, -0.464464
628, 15.8597, 3.05874, 0.219337, -0.449408
629, 15.8597, 3.05874, 0.219337, -0.449408
630, 15.8691, 3.06082, 0.215036, -0.442014
631, 15.8691, 3.06082, 0.215036, -0.442014
632, 15.8881, 3.06489, 0.206593, -0.427494
633, 15.8881, 3.06489, 0.206593, -0.427494
634, 15.8976, 3.06687, 0.202449, -0.420369
635, 15.9073, 3.06883, 0.198356, -0.413335
636, 15.9073, 3.06883, 0.198356, -0.413335
637, 15.9169, 3.07075, 0.194313, -0.40639
638, 15.9169, 3.07075, 0.194313, -0.40639
639, 15.9364, 3.07451, 0.18638, -0.392772
640, 15.9364, 3.07451, 0.18638, -0.392772
641, 15.9463, 3.07634, 0.182488, -0.386097
642, 15.9561, 3.07814, 0.178645, -0.379513
643, 15.9561, 3.07814, 0.178645, -0.379513
644, 15.976, 3.08166, 0.171105, -0.366611
645, 15.976, 3.08166, 0.171105, -0.366611
646, 15.9861, 3.08337, 0.167407, -0.360294
647, 15.9861, 3.08337, 0.167407, -0.360294
648, 16.0063, 3.08671, 0.160153, -0.347923
649, 16.0063, 3.08671, 0.160153, -0.347923
650, 16.0165, 3.08834, 0.156597, -0.341869
651, 16.0165, 3.08834, 0.156597, -0.341869
652, 16.0267, 3.08993, 0.153086, -0.335902
653, 16.0267, 3.08993, 0.153086, -0.335902
654, 16.0473, 3.09304, 0.146203, -0.324225
655, 16.0473, 3.09304, 0.146203, -0.324225
656, 16.0473, 3.09304, 0.146203, -0.324225
657, 16.0577, 3.09456, 0.142829, -0.318515
658, 16.0577, 3.09456, 0.142829, -0.318515
659, 16.0787, 3.0975, 0.136215, -0.307345
660, 16.0787, 3.0975, 0.136215, -0.307345
661, 16.0892, 3.09892, 0.132973, -0.301885
662, 16.0892, 3.09892, 0.132973, -0.301885
663, 16.1104, 3.1017, 0.12662, -0.291211
664, 16.1211, 3.10304, 0.123508, -0.285994
665, 16.1211, 3.10304, 0.123508, -0.285994
666, 16.1319, 3.10436, 0.120437, -0.280858
667, 16.1319, 3.10436, 0.120437, -0.280858
668, 16.1427, 3.10565, 0.117408, -0.2758
669, 16.1427, 3.10565, 0.117408, -0.2758
670, 16.1645, 3.10815, 0.111473, -0.265917
671, 16.1645, 3.10815, 0.111473, -0.265917
672, 16.1645, 3.10815, 0.111473, -0.265917
673, 16.1865, 3.11055, 0.105701, -0.25634
674, 16.1865, 3.11055, 0.105701, -0.25634
675, 16.1975, 3.11171, 0.102874, -0.251663
676, 16.1975, 3.11171, 0.102874, -0.251663
677, 16.2198, 3.11395, 0.097337, -0.24253
678, 16.2198, 3.11395, 0.097337, -0.24253
679, 16.231, 3.11503, 0.0946265, -0.238072
680, 16.231, 3.11503, 0.0946265, -0.238072
681, 16.2423, 3.11608, 0.0919539, -0.233684
682, 16.2423, 3.11608, 0.0919539, -0.233684
683, 16.2651, 3.11812, 0.0867211, -0.225118
684, 16.2651, 3.11812, 0.0867211, -0.225118
685, 16.2765, 3.1191, 0.0841601, -0.220938
686, 16.2765, 3.1191, 0.0841601, -0.220938
687, 16.2995, 3.12098, 0.0791469, -0.212779
688, 16.2995, 3.12098, 0.0791469, -0.212779
689, 16.3111, 3.12189, 0.076694, -0.208798
690, 16.3111, 3.12189, 0.076694, -0.208798
691, 16.3111, 3.12189, 0.076694, -0.208798
692, 16.3345, 3.12363, 0.0718935, -0.201028
693, 16.3345, 3.12363, 0.0718935, -0.201028
694, 16.3345, 3.12363, 0.0718935, -0.201028
695, 16.3581, 3.12527, 0.067231, -0.19351
696, 16.3581, 3.12527, 0.067231, -0.19351
697, 16.37, 3.12606, 0.0649506, -0.189842
698, 16.37, 3.12606, 0.0649506, -0.189842
699, 16.3819, 3.12682, 0.0627035, -0.186235
700, 16.3819, 3.12682, 0.0627035, -0.186235
701, 16.4059, 3.12827, 0.0583082, -0.179197
702, 16.4059, 3.12827, 0.0583082, -0.179197
703, 16.418, 3.12897, 0.0561593, -0.175765
704, 16.418, 3.12897, 0.0561593, -0.175765
705, 16.4301, 3.12963, 0.0540422, -0.172389
706, 16.4423, 3.13028, 0.0519568, -0.169069
707, 16.4423, 3.13028, 0.0519568, -0.169069
708, 16.4546, 3.13091, 0.0499027, -0.165803
709, 16.4546, 3.13091, 0.0499027, -0.165803
710, 16.4792, 3.13209, 0.0458869, -0.159434
711, 16.4792, 3.13209, 0.0458869, -0.159434
712, 16.4917, 3.13265, 0.0439245, -0.156328
713, 16.4917, 3.13265, 0.0439245, -0.156328
714, 16.4917, 3.13265, 0.0439245, -0.156328
715, 16.5041, 3.13318, 0.0419921, -0.153274
716, 16.5041, 3.13318, 0.0419921, -0.153274
717, 16.5292, 3.13419, 0.0382156, -0.147317
718, 16.5292, 3.13419, 0.0382156, -0.147317
719, 16.5292, 3.13419, 0.0382156, -0.147317
720, 16.5419, 3.13466, 0.036371, -0.144413
721, 16.5419, 3.13466, 0.036371, -0.144413
722, 16.5673, 3.13554, 0.0327673, -0.138749
723, 16.5673, 3.13554, 0.0327673, -0.138749
724, 16.5801, 3.13595, 0.0310076, -0.135987
725, 16.593, 3.13634, 0.0292755, -0.133272
726, 16.593, 3.13634, 0.0292755, -0.133272
727, 16.6059, 3.1367, 0.0275709, -0.130602
728, 16.6059, 3.1367, 0.0275709, -0.130602
729, 16.6189, 3.13705, 0.0258933, -0.127976
730, 16.6189, 3.13705, 0.0258933, -0.127976
731, 16.6319, 3.13738, 0.0242425, -0.125394
732, 16.6319, 3.13738, 0.0242425, -0.125394
733, 16.6581, 3.13797, 0.02102, -0.12036
734, 16.6581, 3.13797, 0.02102, -0.12036
735, 16.6713, 3.13824, 0.0194477, -0.117905
736, 16.6713, 3.13824, 0.0194477, -0.117905
737, 16.6846, 3.13849, 0.0179011, -0.115492
738, 16.7112, 3.13892, 0.0148835, -0.110786
739, 16.7112, 3.13892, 0.0148835, -0.110786
740, 16.7247, 3.13911, 0.013412, -0.108492
741, 16.7247, 3.13911, 0.013412, -0.108492
742, 16.7381, 3.13928, 0.011965, -0.106236
743, 16.7381, 3.13928, 0.011965, -0.106236
744, 16.7381, 3.13928, 0.011965, -0.106236
745, 16.7653, 3.13957, 0.00914329, -0.101837
746, 16.7653, 3.13957, 0.00914329, -0.101837
747, 16.7789, 3.13968, 0.00776811, -0.0996925
748, 16.7789, 3.13968, 0.00776811, -0.0996925
749, 16.7926, 3.13978, 0.00641637, -0.097584
750, 16.7926, 3.13978, 0.00641637, -0.097584
751, 16.8202, 3.13992, 0.0037821, -0.0934724
752, 16.862, 3.14, 0, 0
753, 16.862, 3.14, 0, 0
754, 16.862, 3.14, 0, 0
755, 16.872, 3.14, 0, 0
756, 16.872, 3.14, 0, 0
757, 16.892, 3.14, 0, 0
758, 16.892, 3.14, 0, 0
759, 16.892, 3.14, 0, 0
760, 16.922, 3.14, 0, 0
761, 16.922, 3.14, 0, 0
762, 16.942, 3.14, 0, 0
763, 16.942, 3.14, 0, 0
764, 16.962, 3.14, 0, 0
765, 16.962, 3.14, 0, 0
766, 16.962, 3.14, 0, 0
767, 16.992, 3.14, 0, 0
768, 16.992, 3.14, 0, 0
769, 17.012, 3.14, 0, 0
770, 17.012, 3.14, 0, 0
771, 17.032, 3.14, 0, 0
772, 17.032, 3.14, 0, 0
773, 17.032, 3.14, 0, 0
774, 17.062, 3.14, 0, 0
775, 17.062, 3.14, 0, 0
776, 17.082, 3.14, 0, 0
777, 17.082, 3.14, 0, 0
778, 17.102, 3.14, 0, 0
779, 17.102, 3.14, 0, 0
780, 17.122, 3.14, 0, 0
781, 17.122, 3.14, 0, 0
782, 17.142, 3.14, 0, 0
783, 17.152, 3.14, 0, 0
784, 17.152, 3.14, 0, 0
785, 17.172, 3.14, 0, 0
786, 17.172, 3.14, 0, 0
787, 17.192, 3.14, 0, 0
788, 17.192, 3.14, 0, 0
789, 17.192, 3.14, 0, 0
790, 17.222, 3.14, 0, 0
791, 17.222, 3.14, 0, 0
792, 17.242, 3.14, 0, 0
793, 17.242, 3.14, 0, 0
794, 17.242, 3.14, 0, 0
795, 17.262, 3.14, 0, 0
796, 17.262, 3.14, 0, 0
797, 17.292, 3.14, 0, 0
798, 17.292, 3.14, 0, 0
799, 17.312, 3.14, 0, 0
800, 17.322, 3.14, 0, 0
801, 17.322, 3.14, 0, 0
802, 17.342, 3.14, 0, 0
803, 17.342, 3.14, 0, 0
804, 17.362, 3.14, 0, 0
805, 17.362, 3.14, 0, 0
806, 17.382, 3.14, 0, 0
807, 17.382, 3.14, 0, 0
808, 17.402, 3.14, 0, 0
809, 17.402, 3.14, 0, 0
810, 17.422, 3.14, 0, 0
811, 17.422, 3.14, 0, 0
812, 17.422, 3.14, 0, 0
813, 17.452, 3.14, 0, 0
814, 17.452, 3.14, 0, 0
815, 17.452, 3.14, 0, 0
816, 17.472, 3.14, 0, 0
817, 17.472, 3.14, 0, 0
818, 17.492, 3.14, 0, 0
819, 17.492, 3.14, 0, 0
820, 17.512, 3.14, 0, 0
821, 17.512, 3.14, 0, 0
822, 17.532, 3.14, 0, 0
823, 17.532, 3.14, 0, 0
824, 17.552, 3.14, 0, 0
825, 17.552, 3.14, 0, 0
826, 17.582, 3.14, 0, 0
827, 17.582, 3.14, 0, 0
828, 17.602, 3.14, 0, 0
829, 17.612, 3.14, 0, 0
830, 17.612, 3.14, 0, 0
831, 17.632, 3.14, 0, 0
832, 17.632, 3.14, 0, 0
833, 17.652, 3.14, 0, 0
834, 17.652, 3.14, 0, 0
835, 17.672, 3.14, 0, 0
836, 17.672, 3.14, 0, 0
837, 17.692, 3.14, 0, 0
838, 17.692, 3.14, 0, 0
839, 17.692, 3.14, 0, 0
840, 17.722, 3.14, 0, 0
841, 17.722, 3.14, 0, 0
842, 17.742, 3.14, 0, 0
843, 17.742, 3.14, 0, 0
844, 17.762, 3.14, 0, 0
845, 17.762, 3.14, 0, 0
846, 17.782, 3.14, 0, 0
847, 17.792, 3.14, 0, 0
848, 17.792, 3.14, 0, 0
849, 17.812, 3.14, 0, 0
850, 17.812, 3.14, 0, 0
851, 17.812, 3.14, 0, 0
852, 17.832, 3.14, 0, 0
853, 17.832, 3.14, 0, 0
854, 17.862, 3.14, 0, 0
855, 17.862, 3.14, 0, 0
856, 17.882, 3.14, 0, 0
857, 17.892, 3.14, 0, 0
858, 17.892, 3.14, 0, 0
859, 17.902, 3.14, 0, 0
860, 17.902, 3.14, 0, 0
861, 17.932, 3.14, 0, 0
862, 17.932, 3.14, 0, 0
863, 17.952, 3.14, 0, 0
864, 17.962, 3.14, 0, 0
865, 17.962, 3.14, 0, 0
866, 17.972, 3.14, 0, 0
867, 17.972, 3.14, 0, 0
868, 17.992, 3.14, 0, 0
869, 17.992, 3.14, 0, 0
870, 18.022, 3.14, 0, 0
871, 18.022, 3.14, 0, 0
872, 18.042, 3.14, 0, 0
873, 18.052, 3.14, 0, 0
874, 18.052, 3.14, 0, 0
875, 18.072, 3.14, 0, 0
876, 18.072, 3.14, 0, 0
877, 18.092, 3.14, 0, 0
878, 18.092, 3.14, 0, 0
879, 18.112, 3.14, 0, 0
880, 18.112, 3.14, 0, 0
881, 18.132, 3.14, 0, 0
882, 18.132, 3.14, 0, 0
883, 18.132, 3.14, 0, 0
884, 18.162, 3.14, 0, 0
885, 18.162, 3.14, 0, 0
886, 18.182, 3.14, 0, 0
887, 18.182, 3.14, 0, 0
888, 18.202, 3.14, 0, 0
889, 18.212, 3.14, 0, 0
890, 18.212, 3.14, 0, 0
891, 18.222, 3.14, 0, 0
892, 18.222, 3.14, 0, 0
893, 18.252, 3.14, 0, 0
894, 18.252, 3.14, 0, 0
895, 18.272, 3.14, 0, 0
896, 18.282, 3.14, 0, 0
897, 18.282, 3.14, 0, 0
898, 18.302, 3.14, 0, 0
899, 18.302, 3.14, 0, 0
900, 18.322, 3.14, 0, 0
901, 18.322, 3.14, 0, 0
902, 18.342, 3.14, 0, 0
903, 18.342, 3.14, 0, 0
904, 18.362, 3.14, 0, 0
905, 18.362, 3.14, 0, 0
906, 18.382, 3.14, 0, 0
907, 18.382, 3.14, 0, 0
908, 18.402, 3.14, 0, 0
909, 18.402, 3.14, 0, 0
910, 18.422, 3.14, 0, 0
911, 18.422, 3.14, 0, 0
912, 18.442, 3.14, 0, 0
913, 18.452, 3.14, 0, 0
914, 18.452, 3.14, 0, 0
915, 18.472, 3.14, 0, 0
916, 18.472, 3.14, 0, 0
917, 18.492, 3.14, 0, 0
918, 18.492, 3.14, 0, 0
919, 18.512, 3.14, 0, 0
920, 18.512, 3.14, 0, 0
921, 18.512, 3.14, 0, 0
922, 18.542, 3.14, 0, 0
923, 18.542, 3.14, 0, 0
924, 18.562, 3.14, 0, 0
925, 18.562, 3.14, 0, 0
926, 18.582, 3.14, 0, 0
927, 18.582, 3.14, 0, 0
928, 18.582, 3.14, 0, 0
929, 18.602, 3.14, 0, 0
930, 18.602, 3.14, 0, 0
931, 18.622, 3.14, 0, 0
932, 18.622, 3.14, 0, 0
933, 18.642, 3.14, 0, 0
934, 18.642, 3.14, 0, 0
935, 18.662, 3.14, 0, 0
936, 18.662, 3.14, 0, 0
937, 18.692, 3.14, 0, 0
938, 18.692, 3.14, 0, 0
939, 18.712, 3.14, 0, 0
940, 18.722, 3.14, 0, 0
941, 18.722, 3.14, 0, 0
942, 18.742, 3.14, 0, 0
943, 18.742, 3.14, 0, 0
944, 18.762, 3.14, 0, 0
945, 18.762, 3.14, 0, 0
946, 18.782, 3.14, 0, 0
947, 18.782, 3.14, 0, 0
948, 18.802, 3.14, 0, 0
949, 18.812, 3.14, 0, 0
950, 18.812, 3.14, 0, 0
951, 18.832, 3.14, 0, 0
952, 18.832, 3.14, 0, 0
953, 18.852, 3.14, 0, 0
954, 18.852, 3.14, 0, 0
955, 18.872, 3.14, 0, 0
956, 18.872, 3.14, 0, 0
957, 18.892, 3.14, 0, 0
958, 18.892, 3.14, 0, 0
959, 18.912, 3.14, 0, 0
960, 18.912, 3.14, 0, 0
961, 18.932, 3.14, 0, 0
962, 18.932, 3.14, 0, 0
963, 18.952, 3.14, 0, 0
964, 18.962, 3.14, 0, 0
965, 18.962, 3.14, 0, 0
966, 18.972, 3.14, 0, 0
967, 18.972, 3.14, 0, 0
968, 18.992, 3.14, 0, 0
969, 18.992, 3.14, 0, 0
970, 19.002, 3.14, 0, 0
971, 19.012, 3.14, 0, 0
972, 19.012, 3.14, 0, 0
973, 19.012, 3.14, 0, 0
974, 19.012, 3.14, 0, 0
975, 19.012, 3.14, 0, 0
976, 19.012, 3.14, 0, 0
977, 19.022, 3.14, 0, 0
978, 19.022, 3.14, 0, 0
979, 19.022, 3.14, 0, 0
980, 19.022, 3.14, 0, 0
981, 19.022, 3.14, 0, 0
982, 19.022, 3.14, 0, 0
983, 19.022, 3.14, 0, 0
984, 19.022, 3.14, 0, 0
985, 19.022, 3.14, 0, 0
986, 19.022, 3.14, 0, 0
987, 19.032, 3.14, 0, 0
988, 19.032, 3.14, 0, 0
989, 19.032, 3.14, 0, 0
990, 19.032, 3.14, 0, 0
991, 19.032, 3.14, 0, 0
992, 19.032, 3.14, 0, 0
993, 19.032, 3.14, 0, 0
994, 19.032, 3.14, 0, 0
995, 19.042, 3.14, 0, 0
996, 19.042, 3.14, 0, 0
997, 19.042, 3.14, 0, 0
998, 19.042, 3.14, 0, 0
999, 19.042, 3.14, 0, 0
1000, 19.042, 3.14, 0, 0
1001, 19.042, 3.14, 0, 0
1002, 19.042, 3.14, 0, 0
1003, 19.042, 3.14, 0, 0
1004, 19.052, 3.14, 0, 0
1005, 19.052, 3.14, 0, 0
1006, 19.052, 3.14, 0, 0
1007, 19.052, 3.14, 0, 0
1008, 19.052, 3.14, 0, 0
1009, 19.052, 3.14, 0, 0
1010, 19.052, 3.14, 0, 0
1011, 19.052, 3.14, 0, 0
1012, 19.052, 3.14, 0, 0
1013, 19.052, 3.14, 0, 0
1014, 19.062, 3.14, 0, 0
1015, 19.062, 3.14, 0, 0
1016, 19.062, 3.14, 0, 0
1017, 19.062, 3.14, 0, 0
1018, 19.062, 3.14, 0, 0
1019, 19.062, 3.14, 0, 0
1020, 19.062, 3.14, 0, 0
1021, 19.062, 3.14, 0, 0
1022, 19.062, 3.14, 0, 0
1023, 19.072, 3.14, 0, 0
1024, 19.072, 3.14, 0, 0
1025, 19.072, 3.14, 0, 0
1026, 19.072, 3.14, 0, 0
1027, 19.072, 3.14, 0, 0
1028, 19.072, 3.14, 0, 0
1029, 19.072, 3.14, 0, 0
1030, 19.072, 3.14, 0, 0
1031, 19.082, 3.14, 0, 0
1032, 19.082, 3.14, 0, 0
1033, 19.082, 3.14, 0, 0
1034, 19.082, 3.14, 0, 0
1035, 19.082, 3.14, 0, 0
1036, 19.082, 3.14, 0, 0
1037, 19.082, 3.14, 0, 0
1038, 19.082, 3.14, 0, 0
1039, 19.082, 3.14, 0, 0
1040, 19.082, 3.14, 0, 0
1041, 19.082, 3.14, 0, 0
1042, 19.092, 3.14, 0, 0
1043, 19.092, 3.14, 0, 0
1044, 19.092, 3.14, 0, 0
1045, 19.092, 3.14, 0, 0
1046, 19.092, 3.14, 0, 0
1047, 19.092, 3.14, 0, 0
1048, 19.092, 3.14, 0, 0
1049, 19.092, 3.14, 0, 0
1050, 19.102, 3.14, 0, 0
1051, 19.102, 3.14, 0, 0
1052, 19.102, 3.14, 0, 0
1053, 19.102, 3.14, 0, 0
1054, 19.102, 3.14, 0, 0
1055, 19.102, 3.14, 0, 0
1056, 19.102, 3.14, 0, 0
1057, 19.102, 3.14, 0, 0
1058, 19.102, 3.14, 0, 0
1059, 19.112, 3.14, 0, 0
1060, 19.112, 3.14, 0, 0
1061, 19.112, 3.14, 0, 0
1062, 19.112, 3.14, 0, 0
1063, 19.112, 3.14, 0, 0
1064, 19.112, 3.14, 0, 0
1065, 19.112, 3.14, 0, 0
1066, 19.112, 3.14, 0, 0
1067, 19.112, 3.14, 0, 0
1068, 19.112, 3.14, 0, 0
1069, 19.122, 3.14, 0, 0
1070, 19.122, 3.14, 0, 0
1071, 19.122, 3.14, 0, 0
1072, 19.122, 3.14, 0, 0
1073, 19.122, 3.14, 0, 0
1074, 19.122, 3.14, 0, 0
1075, 19.122, 3.14, 0, 0
1076, 19.122, 3.14, 0, 0
1077, 19.122, 3.14, 0, 0
1078, 19.122, 3.14, 0, 0
1079, 19.122, 3.14, 0, 0
1080, 19.132, 3.14, 0, 0
1081, 19.132, 3.14, 0, 0
1082, 19.132, 3.14, 0, 0
1083, 19.132, 3.14, 0, 0
1084, 19.132, 3.14, 0, 0
1085, 19.132, 3.14, 0, 0
1086, 19.132, 3.14, 0, 0
1087, 19.132, 3.14, 0, 0
1088, 19.132, 3.14, 0, 0
1089, 19.142, 3.14, 0, 0
1090, 19.142, 3.14, 0, 0
1091, 19.142, 3.14, 0, 0
1092, 19.142, 3.14, 0, 0
1093, 19.142, 3.14, 0, 0
1094, 19.142, 3.14, 0, 0
1095, 19.142, 3.14, 0, 0
1096, 19.142, 3.14, 0, 0
1097, 19.152, 3.14, 0, 0
1098, 19.152, 3.14, 0, 0
1099, 19.152, 3.14, 0, 0
1100, 19.152, 3.14, 0, 0
1101, 19.152, 3.14, 0, 0
1102, 19.152, 3.14, 0, 0
1103, 19.152, 3.14, 0, 0
1104, 19.152, 3.14, 0, 0
1105, 19.152, 3.14, 0, 0
1106, 19.152, 3.14, 0, 0
1107, 19.162, 3.14, 0, 0
1108, 19.162, 3.14, 0, 0
1109, 19.162, 3.14, 0, 0
1110, 19.162, 3.14, 0, 0
1111, 19.162, 3.14, 0, 0
1112, 19.162, 3.14, 0, 0
1113, 19.162, 3.14, 0, 0
1114, 19.162, 3.14, 0, 0
1115, 19.162, 3.14, 0, 0
1116, 19.172, 3.14, 0, 0
1117, 19.172, 3.14, 0, 0
1118, 19.172, 3.14, 0, 0
1119, 19.172, 3.14, 0, 0
1120, 19.172, 3.14, 0, 0
1121, 19.172, 3.14, 0, 0
1122, 19.172, 3.14, 0, 0
1123, 19.172, 3.14, 0, 0
1124, 19.172, 3.14, 0, 0
1125, 19.172, 3.14, 0, 0
1126, 19.172, 3.14, 0, 0
1127, 19.172, 3.14, 0, 0
1128, 19.182, 3.14, 0, 0
1129, 19.182, 3.14, 0, 0
1130, 19.182, 3.14, 0, 0
1131, 19.182, 3.14, 0, 0
1132, 19.182, 3.14, 0, 0
1133, 19.182, 3.14, 0, 0
1134, 19.182, 3.14, 0, 0
1135, 19.182, 3.14, 0, 0
1136, 19.192, 3.14, 0, 0
1137, 19.192, 3.14, 0, 0
1138, 19.192, 3.14, 0, 0
1139, 19.192, 3.14, 0, 0
1140, 19.192, 3.14, 0, 0
1141, 19.192, 3.14, 0, 0
1142, 19.192, 3.14, 0, 0
1143, 19.192, 3.14, 0, 0
1144, 19.192, 3.14, 0, 0
1145, 19.202, 3.14, 0, 0
1146, 19.202, 3.14, 0, 0
1147, 19.202, 3.14, 0, 0
1148, 19.202, 3.14, 0, 0
1149, 19.202, 3.14, 0, 0
1150, 19.202, 3.14, 0, 0
1151, 19.202, 3.14, 0, 0
1152, 19.202, 3.14, 0, 0
1153, 19.212, 3.14, 0, 0
1154, 19.212, 3.14, 0, 0
1155, 19.212, 3.14, 0, 0
1156, 19.212, 3.14, 0, 0
1157, 19.212, 3.14, 0, 0
1158, 19.212, 3.14, 0, 0
1159, 19.212, 3.14, 0, 0
1160, 19.212, 3.14, 0, 0
1161, 19.212, 3.14, 0, 0
1162, 19.212, 3.14, 0, 0
1163, 19.212, 3.14, 0, 0
1164, 19.212, 3.14, 0, 0
1165, 19.222, 3.14, 0, 0
1166, 19.222, 3.14, 0, 0
1167, 19.222, 3.14, 0, 0
1168, 19.222, 3.14, 0, 0
1169, 19.222, 3.14, 0, 0
1170, 19.222, 3.14, 0, 0
1171, 19.222, 3.14, 0, 0
1172, 19.222, 3.14, 0, 0
1173, 19.222, 3.14, 0, 0
1174, 19.232, 3.14, 0, 0
1175, 19.232, 3.14, 0, 0
1176, 19.232, 3.14, 0, 0
1177, 19.232, 3.14, 0, 0
1178, 19.232, 3.14, 0, 0
1179, 19.232, 3.14, 0, 0
1180, 19.232, 3.14, 0, 0
1181, 19.232, 3.14, 0, 0
1182, 19.232, 3.14, 0, 0
1183, 19.242, 3.14, 0, 0
1184, 19.242, 3.14, 0, 0
1185, 19.242, 3.14, 0, 0
1186, 19.242, 3.14, 0, 0
1187, 19.242, 3.14, 0, 0
1188, 19.242, 3.14, 0, 0
1189, 19.242, 3.14, 0, 0
1190, 19.242, 3.14, 0, 0
1191, 19.242, 3.14, 0, 0
1192, 19.252, 3.14, 0, 0
1193, 19.252, 3.14, 0, 0
1194, 19.252, 3.14, 0, 0
1195, 19.252, 3.14, 0, 0
1196, 19.252, 3.14, 0, 0
1197, 19.252, 3.14, 0, 0
1198, 19.252, 3.14, 0, 0
1199, 19.252, 3.14, 0, 0
1200, 19.252, 3.14, 0, 0
1201, 19.252, 3.14, 0, 0
1202, 19.252, 3.14, 0, 0
1203, 19.262, 3.14, 0, 0
1204, 19.262, 3.14, 0, 0
1205, 19.262, 3.14, 0, 0
1206, 19.262, 3.14, 0, 0
1207, 19.262, 3.14, 0, 0
1208, 19.262, 3.14, 0, 0
1209, 19.262, 3.14, 0, 0
1210, 19.262, 3.14, 0, 0
1211, 19.262, 3.14, 0, 0
1212, 19.272, 3.14, 0, 0
1213, 19.272, 3.14, 0, 0
1214, 19.272, 3.14, 0, 0
1215, 19.272, 3.14, 0, 0
1216, 19.272, 3.14, 0, 0
1217, 19.272, 3.14, 0, 0
1218, 19.272, 3.14, 0, 0
1219, 19.272, 3.14, 0, 0
1220, 19.272, 3.14, 0, 0
1221, 19.282, 3.14, 0, 0
1222, 19.282, 3.14, 0, 0
1223, 19.282, 3.14, 0, 0
1224, 19.282, 3.14, 0, 0
1225, 19.282, 3.14, 0, 0
1226, 19.282, 3.14, 0, 0
1227, 19.282, 3.14, 0, 0
1228, 19.282, 3.14, 0, 0
1229, 19.282, 3.14, 0, 0
1230, 19.282, 3.14, 0, 0
1231, 19.292, 3.14, 0, 0
1232, 19.292, 3.14, 0, 0
1233, 19.292, 3.14, 0, 0
1234, 19.292, 3.14, 0, 0
1235, 19.292, 3.14, 0, 0
1236, 19.292, 3.14, 0, 0
1237, 19.292, 3.14, 0, 0
1238, 19.292, 3.14, 0, 0
1239, 19.292, 3.14, 0, 0
1240, 19.292, 3.14, 0, 0
1241, 19.302, 3.14, 0, 0
1242, 19.302, 3.14, 0, 0
1243, 19.302, 3.14, 0, 0
1244, 19.302, 3.14, 0, 0
1245, 19.302, 3.14, 0, 0
1246, 19.302, 3.14, 0, 0
1247, 19.302, 3.14, 0, 0
1248, 19.302, 3.14, 0, 0
1249, 19.302, 3.14, 0, 0
1250, 19.312, 3.14, 0, 0
1251, 19.312, 3.14, 0, 0
1252, 19.312, 3.14, 0, 0
1253, 19.312, 3.14, 0, 0
1254, 19.312, 3.14, 0, 0
1255, 19.312, 3.14, 0, 0
1256, 19.312, 3.14, 0, 0
1257, 19.312, 3.14, 0, 0
1258, 19.312, 3.14, 0, 0
1259, 19.322, 3.14, 0, 0
1260, 19.322, 3.14, 0, 0
1261, 19.322, 3.14, 0, 0
1262, 19.322, 3.14, 0, 0
1263, 19.322, 3.14, 0, 0
1264, 19.322, 3.14, 0, 0
1265, 19.322, 3.14, 0, 0
1266, 19.322, 3.14, 0, 0
1267, 19.322, 3.14, 0, 0
1268, 19.322, 3.14, 0, 0
1269, 19.322, 3.14, 0, 0
1270, 19.332, 3.14, 0, 0
1271, 19.332, 3.14, 0, 0
1272, 19.332, 3.14, 0, 0
1273, 19.332, 3.14, 0, 0
1274, 19.332, 3.14, 0, 0
1275, 19.332, 3.14, 0, 0
1276, 19.332, 3.14, 0, 0
1277, 19.332, 3.14, 0, 0
1278, 19.332, 3.14, 0, 0
1279, 19.342, 3.14, 0, 0
1280, 19.342, 3.14, 0, 0
1281, 19.342, 3.14, 0, 0
1282, 19.342, 3.14, 0, 0
1283, 19.342, 3.14, 0, 0
1284, 19.342, 3.14, 0, 0
1285, 19.342, 3.14, 0, 0
1286, 19.342, 3.14, 0, 0
1287, 19.342, 3.14, 0, 0
1288, 19.352, 3.14, 0, 0
1289, 19.352, 3.14, 0, 0
1290, 19.352, 3.14, 0, 0
1291, 19.352, 3.14, 0, 0
1292, 19.352, 3.14, 0, 0
1293, 19.352, 3.14, 0, 0
1294, 19.352, 3.14, 0, 0
1295, 19.352, 3.14, 0, 0
1296, 19.352, 3.14, 0, 0
1297, 19.362, 3.14, 0, 0
1298, 19.362, 3.14, 0, 0
1299, 19.362, 3.14, 0, 0
1300, 19.362, 3.14, 0, 0
1301, 19.362, 3.14, 0, 0
1302, 19.362, 3.14, 0, 0
1303, 19.362, 3.14, 0, 0
1304, 19.362, 3.14, 0, 0
1305, 19.372, 3.14, 0, 0
1306, 19.372, 3.14, 0, 0
1307, 19.372, 3.14, 0, 0
1308, 19.372, 3.14, 0, 0
1309, 19.372, 3.14, 0, 0
1310, 19.372, 3.14, 0, 0
1311, 19.372, 3.14, 0, 0
1312, 19.372, 3.14, 0, 0
1313, 19.372, 3.14, 0, 0
1314, 19.372, 3.14, 0, 0
1315, 19.372, 3.14, 0, 0
1316, 19.382, 3.14, 0, 0
1317, 19.382, 3.14, 0, 0
1318, 19.382, 3.14, 0, 0
1319, 19.382, 3.14, 0, 0
1320, 19.382, 3.14, 0, 0
1321, 19.382, 3.14, 0, 0
1322, 19.382, 3.14, 0, 0
1323, 19.382, 3.14, 0, 0
1324, 19.392, 3.14, 0, 0
1325, 19.392, 3.14, 0, 0
1326, 19.392, 3.14, 0, 0
1327, 19.392, 3.14, 0, 0
1328, 19.392, 3.14, 0, 0
1329, 19.392, 3.14, 0, 0
1330, 19.392, 3.14, 0, 0
1331, 19.392, 3.14, 0, 0
1332, 19.392, 3.14, 0, 0
1333, 19.402, 3.14, 0, 0
1334, 19.402, 3.14, 0, 0
1335, 19.402, 3.14, 0, 0
1336, 19.402, 3.14, 0, 0
1337, 19.402, 3.14, 0, 0
1338, 19.402, 3.14, 0, 0
1339, 19.402, 3.14, 0, 0
1340, 19.402, 3.14, 0, 0
1341, 19.402, 3.14, 0, 0
1342, 19.402, 3.14, 0, 0
1343, 19.412, 3.14, 0, 0
1344, 19.412, 3.14, 0, 0
1345, 19.412, 3.14, 0, 0
1346, 19.412, 3.14, 0, 0
1347, 19.412, 3.14, 0, 0
1348, 19.412, 3.14, 0, 0
1349, 19.412, 3.14, 0, 0
1350, 19.412, 3.14, 0, 0
1351, 19.412, 3.14, 0, 0
1352, 19.422, 3.14, 0, 0
1353, 19.422, 3.14, 0, 0
1354, 19.422, 3.14, 0, 0
1355, 19.422, 3.14, 0, 0
1356, 19.422, 3.14, 0, 0
1357, 19.422, 3.14, 0, 0
1358, 19.422, 3.14, 0, 0
1359, 19.422, 3.14, 0, 0
1360, 19.432, 3.14, 0, 0
1361, 19.432, 3.14, 0, 0
1362, 19.432, 3.14, 0, 0
1363, 19.432, 3.14, 0, 0
1364, 19.432, 3.14, 0, 0
1365, 19.432, 3.14, 0, 0
1366, 19.432, 3.14, 0, 0
1367, 19.432, 3.14, 0, 0
1368, 19.432, 3.14, 0, 0
1369, 19.432, 3.14, 0, 0
1370, 19.432, 3.14, 0, 0
1371, 19.442, 3.14, 0, 0
1372, 19.442, 3.14, 0, 0
1373, 19.442, 3.14, 0, 0
1374, 19.442, 3.14, 0, 0
1375, 19.442, 3.14, 0, 0
1376, 19.442, 3.14, 0, 0
1377, 19.442, 3.14, 0, 0
1378, 19.442, 3.14, 0, 0
1379, 19.452, 3.14, 0, 0
1380, 19.452, 3.14, 0, 0
1381, 19.452, 3.14, 0, 0
1382, 19.452, 3.14, 0, 0
1383, 19.452, 3.14, 0, 0
1384, 19.452, 3.14, 0, 0
1385, 19.452, 3.14, 0, 0
1386, 19.452, 3.14, 0, 0
1387, 19.452, 3.14, 0, 0
1388, 19.452, 3.14, 0, 0
1389, 19.462, 3.14, 0, 0
1390, 19.462, 3.14, 0, 0
1391, 19.462, 3.14, 0, 0
1392, 19.462, 3.14, 0, 0
1393, 19.462, 3.14, 0, 0
1394, 19.462, 3.14, 0, 0
1395, 19.462, 3.14, 0, 0
1396, 19.462, 3.14, 0, 0
1397, 19.462, 3.14, 0, 0
1398, 19.472, 3.14, 0, 0
1399, 19.472, 3.14, 0, 0
1400, 19.472, 3.14, 0, 0
1401, 19.472, 3.14, 0, 0
1402, 19.472, 3.14, 0, 0
1403, 19.472, 3.14, 0, 0
1404, 19.472, 3.14, 0, 0
1405, 19.472, 3.14, 0, 0
1406, 19.472, 3.14, 0, 0
1407, 19.472, 3.14, 0, 0
1408, 19.482, 3.14, 0, 0
1409, 19.482, 3.14, 0, 0
1410, 19.482, 3.14, 0, 0
1411, 19.482, 3.14, 0, 0
1412, 19.482, 3.14, 0, 0
1413, 19.482, 3.14, 0, 0
1414, 19.482, 3.14, 0, 0
1415, 19.482, 3.14, 0, 0
1416, 19.482, 3.14, 0, 0
1417, 19.492, 3.14, 0, 0
1418, 19.492, 3.14, 0, 0
1419, 19.492, 3.14, 0, 0
1420, 19.492, 3.14, 0, 0
1421, 19.492, 3.14, 0, 0
1422, 19.492, 3.14, 0, 0
1423, 19.492, 3.14, 0, 0
1424, 19.492, 3.14, 0, 0
1425, 19.502, 3.14, 0, 0
1426, 19.502, 3.14, 0, 0
1427, 19.502, 3.14, 0, 0
1428, 19.502, 3.14, 0, 0
1429, 19.502, 3.14, 0, 0
1430, 19.502, 3.14, 0, 0
1431, 19.502, 3.14, 0, 0
1432, 19.502, 3.14, 0, 0
1433, 19.502, 3.14, 0, 0
1434, 19.502, 3.14, 0, 0
1435, 19.502, 3.14, 0, 0
1436, 19.512, 3.14, 0, 0
1437, 19.512, 3.14, 0, 0
1438, 19.512, 3.14, 0, 0
1439, 19.512, 3.14, 0, 0
1440, 19.512, 3.14, 0, 0
1441, 19.512, 3.14, 0, 0
1442, 19.512, 3.14, 0, 0
1443, 19.512, 3.14, 0, 0
1444, 19.512, 3.14, 0, 0
1445, 19.522, 3.14, 0, 0
1446, 19.522, 3.14, 0, 0
1447, 19.522, 3.14, 0, 0
1448, 19.522, 3.14, 0, 0
1449, 19.522, 3.14, 0, 0
1450, 19.522, 3.14, 0, 0
1451, 19.522, 3.14, 0, 0
1452, 19.522, 3.14, 0, 0
1453, 19.522, 3.14, 0, 0
1454, 19.522, 3.14, 0, 0
1455, 19.532, 3.14, 0, 0
1456, 19.532, 3.14, 0, 0
1457, 19.532, 3.14, 0, 0
1458, 19.532, 3.14, 0, 0
1459, 19.532, 3.14, 0, 0
1460, 19.532, 3.14, 0, 0
1461, 19.532, 3.14, 0, 0
1462, 19.532, 3.14, 0, 0
1463, 19.542, 3.14, 0, 0
1464, 19.542, 3.14, 0, 0
1465, 19.542, 3.14, 0, 0
1466, 19.542, 3.14, 0, 0
1467, 19.542, 3.14, 0, 0
1468, 19.542, 3.14, 0, 0
1469, 19.542, 3.14, 0, 0
1470, 19.542, 3.14, 0, 0
1471, 19.542, 3.14, 0, 0
1472, 19.552, 3.14, 0, 0
1473, 19.552, 3.14, 0, 0
1474, 19.552, 3.14, 0, 0
1475, 19.552, 3.14, 0, 0
1476, 19.552, 3.14, 0, 0
1477, 19.552, 3.14, 0, 0
1478, 19.552, 3.14, 0, 0
1479, 19.552, 3.14, 0, 0
1480, 19.552, 3.14, 0, 0
1481, 19.562, 3.14, 0, 0
1482, 19.562, 3.14, 0, 0
1483, 19.562, 3.14, 0, 0
1484, 19.562, 3.14, 0, 0
1485, 19.562, 3.14, 0, 0
1486, 19.562, 3.14, 0, 0
1487, 19.562, 3.14, 0, 0
1488, 19.562, 3.14, 0, 0
1489, 19.562, 3.14, 0, 0
1490, 19.572, 3.14, 0, 0
1491, 19.572, 3.14, 0, 0
1492, 19.572, 3.14, 0, 0
1493, 19.572, 3.14, 0, 0
1494, 19.572, 3.14, 0, 0
1495, 19.572, 3.14, 0, 0
1496, 19.572, 3.14, 0, 0
1497, 19.572, 3.14, 0, 0
1498, 19.572, 3.14, 0, 0
1499, 19.572, 3.14, 0, 0
1500, 19.572, 3.14, 0, 0
1501, 19.582, 3.14, 0, 0
1502, 19.582, 3.14, 0, 0
1503, 19.582, 3.14, 0, 0
1504, 19.582, 3.14, 0, 0
1505, 19.582, 3.14, 0, 0
1506, 19.582, 3.14, 0, 0
1507, 19.582, 3.14, 0, 0
1508, 19.582, 3.14, 0, 0
1509, 19.582, 3.14, 0, 0
1510, 19.592, 3.14, 0, 0
1511, 19.592, 3.14, 0, 0
1512, 19.592, 3.14, 0, 0
1513, 19.592, 3.14, 0, 0
1514, 19.592, 3.14, 0, 0
1515, 19.592, 3.14, 0, 0
1516, 19.592, 3.14, 0, 0
1517, 19.592, 3.14, 0, 0
1518, 19.602, 3.14, 0, 0
1519, 19.602, 3.14, 0, 0
1520, 19.602, 3.14, 0, 0
1521, 19.602, 3.14, 0, 0
1522, 19.602, 3.14, 0, 0
1523, 19.602, 3.14, 0, 0
1524, 19.602, 3.14, 0, 0
1525, 19.602, 3.14, 0, 0
1526, 19.602, 3.14, 0, 0
1527, 19.602, 3.14, 0, 0
1528, 19.602, 3.14, 0, 0
1529, 19.612, 3.14, 0, 0
1530, 19.612, 3.14, 0, 0
1531, 19.612, 3.14, 0, 0
1532, 19.612, 3.14, 0, 0
1533, 19.612, 3.14, 0, 0
1534, 19.612, 3.14, 0, 0
1535, 19.612, 3.14, 0, 0
1536, 19.612, 3.14, 0, 0
1537, 19.622, 3.14, 0, 0
1538, 19.622, 3.14, 0, 0
1539, 19.622, 3.14, 0, 0
1540, 19.622, 3.14, 0, 0
1541, 19.622, 3.14, 0, 0
1542, 19.622, 3.14, 0, 0
1543, 19.622, 3.14, 0, 0
1544, 19.622, 3.14, 0, 0
1545, 19.622, 3.14, 0, 0
1546, 19.632, 3.14, 0, 0
1547, 19.632, 3.14, 0, 0
1548, 19.632, 3.14, 0, 0
1549, 19.632, 3.14, 0, 0
1550, 19.632, 3.14, 0, 0
1551, 19.632, 3.14, 0, 0
1552, 19.632, 3.14, 0, 0
1553, 19.632, 3.14, 0, 0
1554, 19.632, 3.14, 0, 0
1555, 19.642, 3.14, 0, 0
1556, 19.642, 3.14, 0, 0
1557, 19.642, 3.14, 0, 0
1558, 19.642, 3.14, 0, 0
1559, 19.642, 3.14, 0, 0
1560, 19.642, 3.14, 0, 0
1561, 19.642, 3.14, 0, 0
1562, 19.642, 3.14, 0, 0
1563, 19.642, 3.14, 0, 0
1564, 19.642, 3.14, 0, 0
1565, 19.642, 3.14, 0, 0
1566, 19.652, 3.14, 0, 0
1567, 19.652, 3.14, 0, 0
1568, 19.652, 3.14, 0, 0
1569, 19.652, 3.14, 0, 0
1570, 19.652, 3.14, 0, 0
1571, 19.652, 3.14, 0, 0
1572, 19.652, 3.14, 0, 0
1573, 19.652, 3.14, 0, 0
1574, 19.652, 3.14, 0, 0
1575, 19.662, 3.14, 0, 0
1576, 19.662, 3.14, 0, 0
1577, 19.662, 3.14, 0, 0
1578, 19.662, 3.14, 0, 0
1579, 19.662, 3.14, 0, 0
1580, 19.662, 3.14, 0, 0
1581, 19.662, 3.14, 0, 0
1582, 19.662, 3.14, 0, 0
1583, 19.662, 3.14, 0, 0
1584, 19.672, 3.14, 0, 0
