0,19.7371,3.11164,-3.11348,19.702,3.14
1,19.7371,3.11164,-3.11348,19.702,3.14
2,19.7371,3.11164,-3.11348,19.702,3.14
3,19.7371,3.11164,-3.11348,19.702,3.14
4,19.7371,3.11164,-3.11348,19.702,3.14
5,19.7357,3.11056,-3.11286,19.702,3.14
6,19.7357,3.11056,-3.11286,19.702,3.14
7,19.7357,3.11056,-3.11286,19.702,3.14
8,19.7357,3.11056,-3.11286,19.702,3.14
9,19.7357,3.11056,-3.11286,19.702,3.14
10,19.7359,3.11013,-3.1128,19.702,3.14
11,19.7359,3.11013,-3.1128,19.702,3.14
12,19.7359,3.11013,-3.1128,19.702,3.14
13,19.7359,3.11013,-3.1128,19.702,3.14
14,19.7359,3.11013,-3.1128,19.702,3.14
15,19.7346,3.10909,-3.11255,19.702,3.14
16,19.7346,3.10909,-3.11255,19.702,3.14
17,19.7346,3.10909,-3.11255,19.702,3.14
18,19.7346,3.10909,-3.11255,19.702,3.14
19,19.7346,3.10909,-3.11255,19.702,3.14
20,19.7338,3.10879,-3.11222,19.702,3.14
21,19.7338,3.10879,-3.11222,19.702,3.14
22,19.7338,3.10879,-3.11222,19.702,3.14
23,19.7338,3.10879,-3.11222,19.702,3.14
24,19.7338,3.10879,-3.11222,19.702,3.14
25,19.7352,3.11037,-3.11271,19.702,3.14
26,19.7352,3.11037,-3.11271,19.702,3.14
27,19.7352,3.11037,-3.11271,19.702,3.14
28,19.7352,3.11037,-3.11271,19.702,3.14
29,19.7352,3.11037,-3.11271,19.702,3.14
30,19.7352,3.11078,-3.11287,19.702,3.14
31,19.7352,3.11078,-3.11287,19.702,3.14
32,19.7352,3.11078,-3.11287,19.702,3.14
33,19.7352,3.11078,-3.11287,19.702,3.14
34,19.7352,3.11078,-3.11287,19.702,3.14
35,19.7362,3.11059,-3.113,19.702,3.14
36,19.7362,3.11059,-3.113,19.702,3.14
37,19.7362,3.11059,-3.113,19.702,3.14
38,19.7362,3.11059,-3.113,19.702,3.14
39,19.7362,3.11059,-3.113,19.702,3.14
40,19.7329,3.10854,-3.11224,19.702,3.14
41,19.7329,3.10854,-3.11224,19.702,3.14
42,19.7329,3.10854,-3.11224,19.702,3.14
43,19.7329,3.10854,-3.11224,19.702,3.14
44,19.7329,3.10854,-3.11224,19.702,3.14
45,19.7294,3.1094,-3.11305,19.702,3.14
46,19.7294,3.1094,-3.11305,19.702,3.14
47,19.7294,3.1094,-3.11305,19.702,3.14
48,19.7294,3.1094,-3.11305,19.702,3.14
49,19.7238,3.1075,-3.11271,19.702,3.14
50,19.7238,3.1075,-3.11271,19.702,3.14
51,19.7238,3.1075,-3.11271,19.702,3.14
52,19.7238,3.1075,-3.11271,19.702,3.14
53,19.7238,3.1075,-3.11271,19.702,3.14
54,19.7161,3.10681,-3.11315,19.702,3.14
55,19.7161,3.10681,-3.11315,19.702,3.14
56,19.7161,3.10681,-3.11315,19.702,3.14
57,19.7161,3.10681,-3.11315,19.702,3.14
58,19.7161,3.10681,-3.11315,19.702,3.14
59,19.709,3.10818,-3.11465,19.702,3.14
60,19.709,3.10818,-3.11465,19.702,3.14
61,19.709,3.10818,-3.11465,19.702,3.14
62,19.709,3.10818,-3.11465,19.702,3.14
63,19.709,3.10818,-3.11465,19.702,3.14
64,19.6978,3.10722,-3.11576,19.702,3.14
65,19.6978,3.10722,-3.11576,19.702,3.14
66,19.6978,3.10722,-3.11576,19.702,3.14
67,19.6978,3.10722,-3.11576,19.702,3.14
68,19.6978,3.10722,-3.11576,19.702,3.14
69,19.6864,3.1068,-3.1177,19.682,3.14
70,19.6864,3.1068,-3.1177,19.682,3.14
71,19.6864,3.1068,-3.1177,19.682,3.14
72,19.6864,3.1068,-3.1177,19.682,3.14
73,19.6864,3.1068,-3.1177,19.682,3.14
74,19.674,3.10771,-3.11965,19.672,3.14
75,19.674,3.10771,-3.11965,19.672,3.14
76,19.674,3.10771,-3.11965,19.672,3.14
77,19.674,3.10771,-3.11965,19.672,3.14
78,19.674,3.10771,-3.11965,19.672,3.14
79,19.674,3.10771,-3.11965,19.672,3.14
80,19.6579,3.1079,-3.12147,19.662,3.14
81,19.6579,3.1079,-3.12147,19.662,3.14
82,19.6579,3.1079,-3.12147,19.662,3.14
83,19.6579,3.1079,-3.12147,19.662,3.14
84,19.6579,3.1079,-3.12147,19.662,3.14
85,19.6432,3.11142,-3.1247,19.642,3.14
86,19.6432,3.11142,-3.1247,19.642,3.14
87,19.6432,3.11142,-3.1247,19.642,3.14
88,19.6432,3.11142,-3.1247,19.642,3.14
89,19.6432,3.11142,-3.1247,19.642,3.14
90,19.6432,3.11142,-3.1247,19.642,3.14
91,19.6196,3.1083,-3.12622,19.622,3.14
92,19.6196,3.1083,-3.12622,19.622,3.14
93,19.6196,3.1083,-3.12622,19.622,3.14
94,19.6196,3.1083,-3.12622,19.622,3.14
95,19.6196,3.1083,-3.12622,19.622,3.14
96,19.6196,3.1083,-3.12622,19.622,3.14
97,19.6196,3.1083,-3.12622,19.622,3.14
98,19.5978,3.10805,-3.12849,19.602,3.14
99,19.5978,3.10805,-3.12849,19.602,3.14
100,19.5978,3.10805,-3.12849,19.602,3.14
101,19.5978,3.10805,-3.12849,19.602,3.14
102,19.5752,3.10664,-3.13169,19.572,3.14
103,19.5752,3.10664,-3.13169,19.572,3.14
104,19.5752,3.10664,-3.13169,19.572,3.14
105,19.5752,3.10664,-3.13169,19.572,3.14
106,19.5487,3.10586,-3.13427,19.552,3.14
107,19.5487,3.10586,-3.13427,19.552,3.14
108,19.5487,3.10586,-3.13427,19.552,3.14
109,19.5487,3.10586,-3.13427,19.552,3.14
110,19.5487,3.10586,-3.13427,19.552,3.14
111,19.5487,3.10586,-3.13427,19.552,3.14
112,19.5168,3.10172,-3.13696,19.512,3.14
113,19.5168,3.10172,-3.13696,19.512,3.14
114,19.5168,3.10172,-3.13696,19.512,3.14
115,19.5168,3.10172,-3.13696,19.512,3.14
116,19.5168,3.10172,-3.13696,19.512,3.14
117,19.4852,3.10514,-3.14063,19.482,3.14
118,19.4852,3.10514,-3.14063,19.482,3.14
119,19.4852,3.10514,-3.14063,19.482,3.14
120,19.4852,3.10514,-3.14063,19.482,3.14
121,19.4495,3.10174,3.14003,19.452,3.14
122,19.4495,3.10174,3.14003,19.452,3.14
123,19.4495,3.10174,3.14003,19.452,3.14
124,19.4495,3.10174,3.14003,19.452,3.14
125,19.4495,3.10174,3.14003,19.452,3.14
126,19.4495,3.10174,3.14003,19.452,3.14
127,19.4495,3.10174,3.14003,19.452,3.14
128,19.4105,3.10094,3.13723,19.412,3.14
129,19.4105,3.10094,3.13723,19.412,3.14
130,19.4105,3.10094,3.13723,19.412,3.14
131,19.4105,3.10094,3.13723,19.412,3.14
132,19.375,3.10141,3.13407,19.372,3.14
133,19.375,3.10141,3.13407,19.372,3.14
134,19.375,3.10141,3.13407,19.372,3.14
135,19.375,3.10141,3.13407,19.372,3.14
136,19.375,3.10141,3.13407,19.372,3.14
137,19.3401,3.10614,3.12997,19.342,3.14
138,19.3401,3.10614,3.12997,19.342,3.14
139,19.3401,3.10614,3.12997,19.342,3.14
140,19.3401,3.10614,3.12997,19.342,3.14
141,19.3064,3.10831,3.12657,19.302,3.14
142,19.3064,3.10831,3.12657,19.302,3.14
143,19.3064,3.10831,3.12657,19.302,3.14
144,19.3064,3.10831,3.12657,19.302,3.14
145,19.3064,3.10831,3.12657,19.302,3.14
146,19.3064,3.10831,3.12657,19.302,3.14
147,19.3064,3.10831,3.12657,19.302,3.14
148,19.2717,3.11076,3.12368,19.272,3.14
149,19.2717,3.11076,3.12368,19.272,3.14
150,19.2717,3.11076,3.12368,19.272,3.14
151,19.2717,3.11076,3.12368,19.272,3.14
152,19.2397,3.1128,3.1212,19.242,3.14
153,19.2397,3.1128,3.1212,19.242,3.14
154,19.2397,3.1128,3.1212,19.242,3.14
155,19.2397,3.1128,3.1212,19.242,3.14
156,19.2397,3.1128,3.1212,19.242,3.14
157,19.2111,3.11784,3.11776,19.212,3.14
158,19.2111,3.11784,3.11776,19.212,3.14
159,19.2111,3.11784,3.11776,19.212,3.14
160,19.2111,3.11784,3.11776,19.212,3.14
161,19.1783,3.11722,3.11637,19.182,3.14
162,19.1783,3.11722,3.11637,19.182,3.14
163,19.1783,3.11722,3.11637,19.182,3.14
164,19.1783,3.11722,3.11637,19.182,3.14
165,19.1783,3.11722,3.11637,19.182,3.14
166,19.1783,3.11722,3.11637,19.182,3.14
167,19.1783,3.11722,3.11637,19.182,3.14
168,19.1447,3.12192,3.11372,19.142,3.14
169,19.1447,3.12192,3.11372,19.142,3.14
170,19.1447,3.12192,3.11372,19.142,3.14
171,19.1447,3.12192,3.11372,19.142,3.14
172,19.1145,3.12378,3.11222,19.112,3.14
173,19.1145,3.12378,3.11222,19.112,3.14
174,19.1145,3.12378,3.11222,19.112,3.14
175,19.1145,3.12378,3.11222,19.112,3.14
176,19.0814,3.12349,3.11146,19.082,3.14
177,19.0814,3.12349,3.11146,19.082,3.14
178,19.0814,3.12349,3.11146,19.082,3.14
179,19.0814,3.12349,3.11146,19.082,3.14
180,19.0536,3.12784,3.10994,19.052,3.14
181,19.0536,3.12784,3.10994,19.052,3.14
182,19.0536,3.12784,3.10994,19.052,3.14
183,19.0536,3.12784,3.10994,19.052,3.14
184,19.0536,3.12784,3.10994,19.052,3.14
185,19.0201,3.12843,3.11011,19.022,3.14
186,19.0201,3.12843,3.11011,19.022,3.14
187,19.0201,3.12843,3.11011,19.022,3.14
188,19.0201,3.12843,3.11011,19.022,3.14
189,18.9917,3.13329,3.10921,18.992,3.14
190,18.9917,3.13329,3.10921,18.992,3.14
191,18.9917,3.13329,3.10921,18.992,3.14
192,18.9917,3.13329,3.10921,18.992,3.14
193,18.9917,3.13329,3.10921,18.992,3.14
194,18.9917,3.13329,3.10921,18.992,3.14
195,18.9917,3.13329,3.10921,18.992,3.14
196,18.9632,3.133,3.10971,18.962,3.14
197,18.9632,3.133,3.10971,18.962,3.14
198,18.9632,3.133,3.10971,18.962,3.14
199,18.9342,3.13796,3.10928,18.932,3.14
200,18.9342,3.13796,3.10928,18.932,3.14
201,18.9342,3.13796,3.10928,18.932,3.14
202,18.9342,3.13796,3.10928,18.932,3.14
203,18.9342,3.13796,3.10928,18.932,3.14
204,18.9048,3.13997,3.11036,18.902,3.14
205,18.9048,3.13997,3.11036,18.902,3.14
206,18.9048,3.13997,3.11036,18.902,3.14
207,18.9048,3.13997,3.11036,18.902,3.14
208,18.9048,3.13997,3.11036,18.902,3.14
209,18.879,3.14875,3.10995,18.882,3.14
210,18.879,3.14875,3.10995,18.882,3.14
211,18.879,3.14875,3.10995,18.882,3.14
212,18.879,3.14875,3.10995,18.882,3.14
213,18.8497,3.15078,3.11119,18.852,3.14
214,18.8497,3.15078,3.11119,18.852,3.14
215,18.8497,3.15078,3.11119,18.852,3.14
216,18.8497,3.15078,3.11119,18.852,3.14
217,18.82,3.15346,3.11274,18.822,3.14
218,18.82,3.15346,3.11274,18.822,3.14
219,18.82,3.15346,3.11274,18.822,3.14
220,18.82,3.15346,3.11274,18.822,3.14
221,18.82,3.15346,3.11274,18.822,3.14
222,18.82,3.15346,3.11274,18.822,3.14
223,18.82,3.15346,3.11274,18.822,3.14
224,18.7892,3.15485,3.1141,18.792,3.14
225,18.7892,3.15485,3.1141,18.792,3.14
226,18.7604,3.15723,3.11558,18.762,3.14
227,18.7604,3.15723,3.11558,18.762,3.14
228,18.7604,3.15723,3.11558,18.762,3.14
229,18.7604,3.15723,3.11558,18.762,3.14
230,18.7604,3.15723,3.11558,18.762,3.14
231,18.7604,3.15723,3.11558,18.762,3.14
232,18.7292,3.15885,3.11776,18.732,3.14
233,18.7292,3.15885,3.11776,18.732,3.14
234,18.7292,3.15885,3.11776,18.732,3.14
235,18.7292,3.15885,3.11776,18.732,3.14
236,18.6977,3.15715,3.12075,18.702,3.14
237,18.6977,3.15715,3.12075,18.702,3.14
238,18.6977,3.15715,3.12075,18.702,3.14
239,18.6977,3.15715,3.12075,18.702,3.14
240,18.6693,3.16195,3.12274,18.672,3.14
241,18.6693,3.16195,3.12274,18.672,3.14
242,18.6693,3.16195,3.12274,18.672,3.14
243,18.6693,3.16195,3.12274,18.672,3.14
244,18.6395,3.16318,3.12559,18.642,3.14
245,18.6395,3.16318,3.12559,18.642,3.14
246,18.6395,3.16318,3.12559,18.642,3.14
247,18.6395,3.16318,3.12559,18.642,3.14
248,18.6395,3.16318,3.12559,18.642,3.14
249,18.6085,3.16486,3.12815,18.612,3.14
250,18.6085,3.16486,3.12815,18.612,3.14
251,18.6085,3.16486,3.12815,18.612,3.14
252,18.6085,3.16486,3.12815,18.612,3.14
253,18.6085,3.16486,3.12815,18.612,3.14
254,18.6085,3.16486,3.12815,18.612,3.14
255,18.5778,3.16537,3.13076,18.582,3.14
256,18.5778,3.16537,3.13076,18.582,3.14
257,18.5778,3.16537,3.13076,18.582,3.14
258,18.5778,3.16537,3.13076,18.582,3.14
259,18.5477,3.16782,3.13301,18.552,3.14
260,18.5477,3.16782,3.13301,18.552,3.14
261,18.5477,3.16782,3.13301,18.552,3.14
262,18.5477,3.16782,3.13301,18.552,3.14
263,18.5477,3.16782,3.13301,18.552,3.14
264,18.5164,3.16792,3.13576,18.512,3.14
265,18.5164,3.16792,3.13576,18.512,3.14
266,18.5164,3.16792,3.13576,18.512,3.14
267,18.5164,3.16792,3.13576,18.512,3.14
268,18.5164,3.16792,3.13576,18.512,3.14
269,18.5164,3.16792,3.13576,18.512,3.14
270,18.4874,3.1689,3.13784,18.492,3.14
271,18.4874,3.1689,3.13784,18.492,3.14
272,18.4874,3.1689,3.13784,18.492,3.14
273,18.4874,3.1689,3.13784,18.492,3.14
274,18.4561,3.16947,3.14056,18.452,3.14
275,18.4561,3.16947,3.14056,18.452,3.14
276,18.4561,3.16947,3.14056,18.452,3.14
277,18.4561,3.16947,3.14056,18.452,3.14
278,18.4561,3.16947,3.14056,18.452,3.14
279,18.4254,3.16869,-3.14065,18.422,3.14
280,18.4254,3.16869,-3.14065,18.422,3.14
281,18.4254,3.16869,-3.14065,18.422,3.14
282,18.4254,3.16869,-3.14065,18.422,3.14
283,18.4254,3.16869,-3.14065,18.422,3.14
284,18.4254,3.16869,-3.14065,18.422,3.14
285,18.3954,3.1702,-3.13869,18.392,3.14
286,18.3954,3.1702,-3.13869,18.392,3.14
287,18.3954,3.1702,-3.13869,18.392,3.14
288,18.3954,3.1702,-3.13869,18.392,3.14
289,18.3954,3.1702,-3.13869,18.392,3.14
290,18.3647,3.16878,-3.13627,18.362,3.14
291,18.3647,3.16878,-3.13627,18.362,3.14
292,18.3647,3.16878,-3.13627,18.362,3.14
293,18.3647,3.16878,-3.13627,18.362,3.14
294,18.334,3.17053,-3.13449,18.332,3.14
295,18.334,3.17053,-3.13449,18.332,3.14
296,18.334,3.17053,-3.13449,18.332,3.14
297,18.334,3.17053,-3.13449,18.332,3.14
298,18.334,3.17053,-3.13449,18.332,3.14
299,18.334,3.17053,-3.13449,18.332,3.14
300,18.334,3.17053,-3.13449,18.332,3.14
301,18.3031,3.17016,-3.13222,18.302,3.14
302,18.3031,3.17016,-3.13222,18.302,3.14
303,18.3031,3.17016,-3.13222,18.302,3.14
304,18.2728,3.17032,-3.13018,18.272,3.14
305,18.2728,3.17032,-3.13018,18.272,3.14
306,18.2728,3.17032,-3.13018,18.272,3.14
307,18.2728,3.17032,-3.13018,18.272,3.14
308,18.2728,3.17032,-3.13018,18.272,3.14
309,18.2728,3.17032,-3.13018,18.272,3.14
310,18.2728,3.17032,-3.13018,18.272,3.14
311,18.2406,3.16812,-3.12807,18.242,3.14
312,18.2406,3.16812,-3.12807,18.242,3.14
313,18.2406,3.16812,-3.12807,18.242,3.14
314,18.2406,3.16812,-3.12807,18.242,3.14
315,18.2406,3.16812,-3.12807,18.242,3.14
316,18.2087,3.16811,-3.12666,18.212,3.14
317,18.2087,3.16811,-3.12666,18.212,3.14
318,18.2087,3.16811,-3.12666,18.212,3.14
319,18.2087,3.16811,-3.12666,18.212,3.14
320,18.1772,3.16817,-3.1252,18.182,3.14
321,18.1772,3.16817,-3.1252,18.182,3.14
322,18.1772,3.16817,-3.1252,18.182,3.14
323,18.1772,3.16817,-3.1252,18.182,3.14
324,18.1459,3.16468,-3.12347,18.142,3.14
325,18.1459,3.16468,-3.12347,18.142,3.14
326,18.1459,3.16468,-3.12347,18.142,3.14
327,18.1459,3.16468,-3.12347,18.142,3.14
328,18.1459,3.16468,-3.12347,18.142,3.14
329,18.1459,3.16468,-3.12347,18.142,3.14
330,18.1459,3.16468,-3.12347,18.142,3.14
331,18.115,3.16417,-3.12256,18.112,3.14
332,18.115,3.16417,-3.12256,18.112,3.14
333,18.115,3.16417,-3.12256,18.112,3.14
334,18.0853,3.16372,-3.12148,18.082,3.14
335,18.0853,3.16372,-3.12148,18.082,3.14
336,18.0853,3.16372,-3.12148,18.082,3.14
337,18.0853,3.16372,-3.12148,18.082,3.14
338,18.0853,3.16372,-3.12148,18.082,3.14
339,18.0574,3.16281,-3.12086,18.062,3.14
340,18.0574,3.16281,-3.12086,18.062,3.14
341,18.0574,3.16281,-3.12086,18.062,3.14
342,18.0574,3.16281,-3.12086,18.062,3.14
343,18.0574,3.16281,-3.12086,18.062,3.14
344,18.0574,3.16281,-3.12086,18.062,3.14
345,18.0246,3.16462,-3.12031,18.022,3.14
346,18.0246,3.16462,-3.12031,18.022,3.14
347,18.0246,3.16462,-3.12031,18.022,3.14
348,18.0246,3.16462,-3.12031,18.022,3.14
349,17.9916,3.16532,-3.11993,17.992,3.14
350,17.9916,3.16532,-3.11993,17.992,3.14
351,17.9916,3.16532,-3.11993,17.992,3.14
352,17.9916,3.16532,-3.11993,17.992,3.14
353,17.9916,3.16532,-3.11993,17.992,3.14
354,17.9916,3.16532,-3.11993,17.992,3.14
355,17.9601,3.16369,-3.11939,17.962,3.14
356,17.9601,3.16369,-3.11939,17.962,3.14
357,17.9601,3.16369,-3.11939,17.962,3.14
358,17.9601,3.16369,-3.11939,17.962,3.14
359,17.9301,3.16445,-3.11931,17.932,3.14
360,17.9301,3.16445,-3.11931,17.932,3.14
361,17.9301,3.16445,-3.11931,17.932,3.14
362,17.9301,3.16445,-3.11931,17.932,3.14
363,17.9301,3.16445,-3.11931,17.932,3.14
364,17.9301,3.16445,-3.11931,17.932,3.14
365,17.9013,3.16675,-3.11986,17.902,3.14
366,17.9013,3.16675,-3.11986,17.902,3.14
367,17.9013,3.16675,-3.11986,17.902,3.14
368,17.9013,3.16675,-3.11986,17.902,3.14
369,17.9013,3.16675,-3.11986,17.902,3.14
370,17.8722,3.1679,-3.12012,17.872,3.14
371,17.8722,3.1679,-3.12012,17.872,3.14
372,17.8722,3.1679,-3.12012,17.872,3.14
373,17.8722,3.1679,-3.12012,17.872,3.14
374,17.8722,3.1679,-3.12012,17.872,3.14
375,17.8722,3.1679,-3.12012,17.872,3.14
376,17.8405,3.16998,-3.1202,17.842,3.14
377,17.8405,3.16998,-3.1202,17.842,3.14
378,17.8405,3.16998,-3.1202,17.842,3.14
379,17.8405,3.16998,-3.1202,17.842,3.14
380,17.8405,3.16998,-3.1202,17.842,3.14
381,17.8108,3.16862,-3.11978,17.812,3.14
382,17.8108,3.16862,-3.11978,17.812,3.14
383,17.8108,3.16862,-3.11978,17.812,3.14
384,17.8108,3.16862,-3.11978,17.812,3.14
385,17.8108,3.16862,-3.11978,17.812,3.14
386,17.8108,3.16862,-3.11978,17.812,3.14
387,17.8108,3.16862,-3.11978,17.812,3.14
388,17.781,3.16877,-3.1196,17.782,3.14
389,17.781,3.16877,-3.1196,17.782,3.14
390,17.781,3.16877,-3.1196,17.782,3.14
391,17.781,3.16877,-3.1196,17.782,3.14
392,17.781,3.16877,-3.1196,17.782,3.14
393,17.781,3.16877,-3.1196,17.782,3.14
394,17.781,3.16877,-3.1196,17.782,3.14
395,17.749,3.1685,-3.1192,17.752,3.14
396,17.749,3.1685,-3.1192,17.752,3.14
397,17.749,3.1685,-3.1192,17.752,3.14
398,17.749,3.1685,-3.1192,17.752,3.14
399,17.749,3.1685,-3.1192,17.752,3.14
400,17.749,3.1685,-3.1192,17.752,3.14
401,17.7214,3.17211,-3.11906,17.722,3.14
402,17.7214,3.17211,-3.11906,17.722,3.14
403,17.7214,3.17211,-3.11906,17.722,3.14
404,17.7214,3.17211,-3.11906,17.722,3.14
405,17.7214,3.17211,-3.11906,17.722,3.14
406,17.6854,3.16721,-3.11813,17.682,3.14
407,17.6854,3.16721,-3.11813,17.682,3.14
408,17.6854,3.16721,-3.11813,17.682,3.14
409,17.6854,3.16721,-3.11813,17.682,3.14
410,17.6854,3.16721,-3.11813,17.682,3.14
411,17.6565,3.16771,-3.11751,17.652,3.14
412,17.6565,3.16771,-3.11751,17.652,3.14
413,17.6565,3.16771,-3.11751,17.652,3.14
414,17.6565,3.16771,-3.11751,17.652,3.14
415,17.6565,3.16771,-3.11751,17.652,3.14
416,17.6565,3.16771,-3.11751,17.652,3.14
417,17.6565,3.16771,-3.11751,17.652,3.14
418,17.6237,3.16974,-3.117,17.622,3.14
419,17.6237,3.16974,-3.117,17.622,3.14
420,17.6237,3.16974,-3.117,17.622,3.14
421,17.6237,3.16974,-3.117,17.622,3.14
422,17.6237,3.16974,-3.117,17.622,3.14
423,17.5947,3.1676,-3.11607,17.592,3.14
424,17.5947,3.1676,-3.11607,17.592,3.14
425,17.5947,3.1676,-3.11607,17.592,3.14
426,17.5947,3.1676,-3.11607,17.592,3.14
427,17.5947,3.1676,-3.11607,17.592,3.14
428,17.5947,3.1676,-3.11607,17.592,3.14
429,17.5647,3.16862,-3.11525,17.562,3.14
430,17.5647,3.16862,-3.11525,17.562,3.14
431,17.5647,3.16862,-3.11525,17.562,3.14
432,17.5647,3.16862,-3.11525,17.562,3.14
433,17.5647,3.16862,-3.11525,17.562,3.14
434,17.5647,3.16862,-3.11525,17.562,3.14
435,17.5647,3.16862,-3.11525,17.562,3.14
436,17.5367,3.16862,-3.11434,17.532,3.14
437,17.5367,3.16862,-3.11434,17.532,3.14
438,17.5367,3.16862,-3.11434,17.532,3.14
439,17.5367,3.16862,-3.11434,17.532,3.14
440,17.5072,3.17071,-3.11423,17.512,3.14
441,17.5072,3.17071,-3.11423,17.512,3.14
442,17.5072,3.17071,-3.11423,17.512,3.14
443,17.5072,3.17071,-3.11423,17.512,3.14
444,17.5072,3.17071,-3.11423,17.512,3.14
445,17.5072,3.17071,-3.11423,17.512,3.14
446,17.4473,3.17081,-3.1126,17.452,3.14
447,17.4473,3.17081,-3.1126,17.452,3.14
448,17.4473,3.17081,-3.1126,17.452,3.14
449,17.4473,3.17081,-3.1126,17.452,3.14
450,17.4473,3.17081,-3.1126,17.452,3.14
451,17.4206,3.17253,-3.11282,17.422,3.14
452,17.4206,3.17253,-3.11282,17.422,3.14
453,17.4206,3.17253,-3.11282,17.422,3.14
454,17.4206,3.17253,-3.11282,17.422,3.14
455,17.3931,3.17009,-3.11108,17.392,3.14
456,17.3931,3.17009,-3.11108,17.392,3.14
457,17.3931,3.17009,-3.11108,17.392,3.14
458,17.3931,3.17009,-3.11108,17.392,3.14
459,17.3931,3.17009,-3.11108,17.392,3.14
460,17.3634,3.17159,-3.11049,17.362,3.14
461,17.3634,3.17159,-3.11049,17.362,3.14
462,17.3634,3.17159,-3.11049,17.362,3.14
463,17.3634,3.17159,-3.11049,17.362,3.14
464,17.3334,3.17135,-3.10984,17.332,3.14
465,17.3334,3.17135,-3.10984,17.332,3.14
466,17.3334,3.17135,-3.10984,17.332,3.14
467,17.3334,3.17135,-3.10984,17.332,3.14
468,17.3334,3.17135,-3.10984,17.332,3.14
469,17.3027,3.16966,-3.1081,17.302,3.14
470,17.3027,3.16966,-3.1081,17.302,3.14
471,17.3027,3.16966,-3.1081,17.302,3.14
472,17.3027,3.16966,-3.1081,17.302,3.14
473,17.2736,3.16676,-3.1061,17.272,3.14
474,17.2736,3.16676,-3.1061,17.272,3.14
475,17.2736,3.16676,-3.1061,17.272,3.14
476,17.2736,3.16676,-3.1061,17.272,3.14
477,17.2441,3.16648,-3.10413,17.242,3.14
478,17.2441,3.16648,-3.10413,17.242,3.14
479,17.2441,3.16648,-3.10413,17.242,3.14
480,17.2441,3.16648,-3.10413,17.242,3.14
481,17.2441,3.16648,-3.10413,17.242,3.14
482,17.213,3.16673,-3.10203,17.212,3.14
483,17.213,3.16673,-3.10203,17.212,3.14
484,17.1838,3.16635,-3.10018,17.182,3.14
485,17.1838,3.16635,-3.10018,17.182,3.14
486,17.1838,3.16635,-3.10018,17.182,3.14
487,17.1838,3.16635,-3.10018,17.182,3.14
488,17.1838,3.16635,-3.10018,17.182,3.14
489,17.1838,3.16635,-3.10018,17.182,3.14
490,17.1524,3.16438,-3.09731,17.152,3.14
491,17.1524,3.16438,-3.09731,17.152,3.14
492,17.1524,3.16438,-3.09731,17.152,3.14
493,17.1524,3.16438,-3.09731,17.152,3.14
494,17.1524,3.16438,-3.09731,17.152,3.14
495,17.1244,3.16296,-3.09489,17.122,3.14
496,17.1244,3.16296,-3.09489,17.122,3.14
497,17.1244,3.16296,-3.09489,17.122,3.14
498,17.1244,3.16296,-3.09489,17.122,3.14
499,17.0935,3.16068,-3.09211,17.092,3.14
500,17.0935,3.16068,-3.09211,17.092,3.14
501,17.0935,3.16068,-3.09211,17.092,3.14
502,17.0935,3.16068,-3.09211,17.092,3.14
503,17.0935,3.16068,-3.09211,17.092,3.14
504,17.0935,3.16068,-3.09211,17.092,3.14
505,17.0935,3.16068,-3.09211,17.092,3.14
506,17.0633,3.16136,-3.08996,17.062,3.14
507,17.0633,3.16136,-3.08996,17.062,3.14
508,17.0633,3.16136,-3.08996,17.062,3.14
509,17.0339,3.16061,-3.08676,17.032,3.14
510,17.0339,3.16061,-3.08676,17.032,3.14
511,17.0339,3.16061,-3.08676,17.032,3.14
512,17.0339,3.16061,-3.08676,17.032,3.14
513,17.0339,3.16061,-3.08676,17.032,3.14
514,17.0016,3.15889,-3.08315,17.002,3.14
515,17.0016,3.15889,-3.08315,17.002,3.14
516,17.0016,3.15889,-3.08315,17.002,3.14
517,17.0016,3.15889,-3.08315,17.002,3.14
518,17.0016,3.15889,-3.08315,17.002,3.14
519,16.9746,3.16078,-3.08016,16.972,3.14
520,16.9746,3.16078,-3.08016,16.972,3.14
521,16.9746,3.16078,-3.08016,16.972,3.14
522,16.9746,3.16078,-3.08016,16.972,3.14
523,16.9746,3.16078,-3.08016,16.972,3.14
524,16.9746,3.16078,-3.08016,16.972,3.14
525,16.9426,3.15592,-3.07591,16.942,3.14
526,16.9426,3.15592,-3.07591,16.942,3.14
527,16.9426,3.15592,-3.07591,16.942,3.14
528,16.9426,3.15592,-3.07591,16.942,3.14
529,16.9107,3.15282,-3.0714,16.912,3.14
530,16.9107,3.15282,-3.0714,16.912,3.14
531,16.9107,3.15282,-3.0714,16.912,3.14
532,16.9107,3.15282,-3.0714,16.912,3.14
533,16.9107,3.15282,-3.0714,16.912,3.14
534,16.9107,3.15282,-3.0714,16.912,3.14
535,16.9107,3.15282,-3.0714,16.912,3.14
536,16.8789,3.14998,-3.06659,16.882,3.14
537,16.8488,3.14866,-3.06205,16.852,3.13999
538,16.8488,3.14866,-3.06205,16.852,3.13999
539,16.8488,3.14866,-3.06205,16.852,3.13999
540,16.8488,3.14866,-3.06205,16.852,3.13999
541,16.8488,3.14866,-3.06205,16.852,3.13999
542,16.8488,3.14866,-3.06205,16.852,3.13999
543,16.8183,3.1444,-3.05646,16.822,3.1398
544,16.8183,3.1444,-3.05646,16.822,3.1398
545,16.8183,3.1444,-3.05646,16.822,3.1398
546,16.8183,3.1444,-3.05646,16.822,3.1398
547,16.8183,3.1444,-3.05646,16.822,3.1398
548,16.7889,3.13901,-3.05104,16.7921,3.13939
549,16.7889,3.13901,-3.05104,16.7921,3.13939
550,16.7889,3.13901,-3.05104,16.7921,3.13939
551,16.7587,3.13432,-3.04501,16.7621,3.13874
552,16.7587,3.13432,-3.04501,16.7621,3.13874
553,16.7587,3.13432,-3.04501,16.7621,3.13874
554,16.7587,3.13432,-3.04501,16.7621,3.13874
555,16.7587,3.13432,-3.04501,16.7621,3.13874
556,16.7274,3.13295,-3.03913,16.7322,3.13786
557,16.7274,3.13295,-3.03913,16.7322,3.13786
558,16.7274,3.13295,-3.03913,16.7322,3.13786
559,16.7274,3.13295,-3.03913,16.7322,3.13786
560,16.7274,3.13295,-3.03913,16.7322,3.13786
561,16.7274,3.13295,-3.03913,16.7322,3.13786
562,16.6968,3.12807,-3.03248,16.6923,3.1363
563,16.6968,3.12807,-3.03248,16.6923,3.1363
564,16.6968,3.12807,-3.03248,16.6923,3.1363
565,16.6968,3.12807,-3.03248,16.6923,3.1363
566,16.6968,3.12807,-3.03248,16.6923,3.1363
567,16.6648,3.12471,-3.02596,16.6623,3.13484
568,16.6648,3.12471,-3.02596,16.6623,3.13484
569,16.6648,3.12471,-3.02596,16.6623,3.13484
570,16.6648,3.12471,-3.02596,16.6623,3.13484
571,16.6382,3.11896,-3.01933,16.6324,3.13313
572,16.6382,3.11896,-3.01933,16.6324,3.13313
573,16.6382,3.11896,-3.01933,16.6324,3.13313
574,16.6382,3.11896,-3.01933,16.6324,3.13313
575,16.6057,3.11322,-3.0121,16.6025,3.13115
576,16.6057,3.11322,-3.0121,16.6025,3.13115
577,16.6057,3.11322,-3.0121,16.6025,3.13115
578,16.6057,3.11322,-3.0121,16.6025,3.13115
579,16.6057,3.11322,-3.0121,16.6025,3.13115
580,16.6057,3.11322,-3.0121,16.6025,3.13115
581,16.6057,3.11322,-3.0121,16.6025,3.13115
582,16.5814,3.11155,-3.00585,16.5826,3.12968
583,16.5814,3.11155,-3.00585,16.5826,3.12968
584,16.5814,3.11155,-3.00585,16.5826,3.12968
585,16.5814,3.11155,-3.00585,16.5826,3.12968
586,16.5814,3.11155,-3.00585,16.5826,3.12968
587,16.5814,3.11155,-3.00585,16.5826,3.12968
588,16.5505,3.10454,-2.99832,16.5527,3.12725
589,16.5505,3.10454,-2.99832,16.5527,3.12725
590,16.5505,3.10454,-2.99832,16.5527,3.12725
591,16.5505,3.10454,-2.99832,16.5527,3.12725
592,16.5195,3.10028,-2.99049,16.513,3.12357
593,16.5195,3.10028,-2.99049,16.513,3.12357
594,16.5195,3.10028,-2.99049,16.513,3.12357
595,16.5195,3.10028,-2.99049,16.513,3.12357
596,16.5195,3.10028,-2.99049,16.513,3.12357
597,16.4942,3.09569,-2.98299,16.4931,3.12154
598,16.4942,3.09569,-2.98299,16.4931,3.12154
599,16.4942,3.09569,-2.98299,16.4931,3.12154
600,16.4942,3.09569,-2.98299,16.4931,3.12154
601,16.466,3.09243,-2.97529,16.4633,3.11825
602,16.466,3.09243,-2.97529,16.4633,3.11825
603,16.466,3.09243,-2.97529,16.4633,3.11825
604,16.466,3.09243,-2.97529,16.4633,3.11825
605,16.4406,3.0892,-2.96779,16.4336,3.11466
606,16.4406,3.0892,-2.96779,16.4336,3.11466
607,16.4406,3.0892,-2.96779,16.4336,3.11466
608,16.4406,3.0892,-2.96779,16.4336,3.11466
609,16.4406,3.0892,-2.96779,16.4336,3.11466
610,16.4406,3.0892,-2.96779,16.4336,3.11466
611,16.4406,3.0892,-2.96779,16.4336,3.11466
612,16.4139,3.08488,-2.95993,16.4138,3.1121
613,16.4139,3.08488,-2.95993,16.4138,3.1121
614,16.4139,3.08488,-2.95993,16.4138,3.1121
615,16.4139,3.08488,-2.95993,16.4138,3.1121
616,16.3856,3.08021,-2.95121,16.3841,3.108
617,16.3856,3.08021,-2.95121,16.3841,3.108
618,16.3856,3.08021,-2.95121,16.3841,3.108
619,16.3856,3.08021,-2.95121,16.3841,3.108
620,16.3856,3.08021,-2.95121,16.3841,3.108
621,16.3856,3.08021,-2.95121,16.3841,3.108
622,16.3856,3.08021,-2.95121,16.3841,3.108
623,16.3607,3.07761,-2.94304,16.3545,3.10358
624,16.3607,3.07761,-2.94304,16.3545,3.10358
625,16.3607,3.07761,-2.94304,16.3545,3.10358
626,16.3607,3.07761,-2.94304,16.3545,3.10358
627,16.3317,3.07086,-2.93363,16.3249,3.09883
628,16.3317,3.07086,-2.93363,16.3249,3.09883
629,16.3317,3.07086,-2.93363,16.3249,3.09883
630,16.3317,3.07086,-2.93363,16.3249,3.09883
631,16.3317,3.07086,-2.93363,16.3249,3.09883
632,16.305,3.06745,-2.9247,16.2953,3.09376
633,16.305,3.06745,-2.9247,16.2953,3.09376
634,16.305,3.06745,-2.9247,16.2953,3.09376
635,16.305,3.06745,-2.9247,16.2953,3.09376
636,16.305,3.06745,-2.9247,16.2953,3.09376
637,16.2784,3.06306,-2.91498,16.2757,3.09018
638,16.2784,3.06306,-2.91498,16.2757,3.09018
639,16.2784,3.06306,-2.91498,16.2757,3.09018
640,16.2784,3.06306,-2.91498,16.2757,3.09018
641,16.2546,3.05639,-2.90518,16.2463,3.08453
642,16.2546,3.05639,-2.90518,16.2463,3.08453
643,16.2546,3.05639,-2.90518,16.2463,3.08453
644,16.2546,3.05639,-2.90518,16.2463,3.08453
645,16.2546,3.05639,-2.90518,16.2463,3.08453
646,16.227,3.0545,-2.89628,16.2169,3.07853
647,16.227,3.0545,-2.89628,16.2169,3.07853
648,16.227,3.0545,-2.89628,16.2169,3.07853
649,16.227,3.0545,-2.89628,16.2169,3.07853
650,16.227,3.0545,-2.89628,16.2169,3.07853
651,16.227,3.0545,-2.89628,16.2169,3.07853
652,16.2014,3.04838,-2.88624,16.1974,3.07432
653,16.2014,3.04838,-2.88624,16.1974,3.07432
654,16.2014,3.04838,-2.88624,16.1974,3.07432
655,16.2014,3.04838,-2.88624,16.1974,3.07432
656,16.2014,3.04838,-2.88624,16.1974,3.07432
657,16.1783,3.04428,-2.87614,16.1682,3.06771
658,16.1783,3.04428,-2.87614,16.1682,3.06771
659,16.1783,3.04428,-2.87614,16.1682,3.06771
660,16.1783,3.04428,-2.87614,16.1682,3.06771
661,16.1509,3.03758,-2.86545,16.1487,3.0631
662,16.1509,3.03758,-2.86545,16.1487,3.0631
663,16.1509,3.03758,-2.86545,16.1487,3.0631
664,16.1509,3.03758,-2.86545,16.1487,3.0631
665,16.1509,3.03758,-2.86545,16.1487,3.0631
666,16.1509,3.03758,-2.86545,16.1487,3.0631
667,16.1272,3.02952,-2.85379,16.1197,3.05586
668,16.1272,3.02952,-2.85379,16.1197,3.05586
669,16.1272,3.02952,-2.85379,16.1197,3.05586
670,16.1272,3.02952,-2.85379,16.1197,3.05586
671,16.1006,3.02203,-2.8428,16.0907,3.04823
672,16.1006,3.02203,-2.8428,16.0907,3.04823
673,16.1006,3.02203,-2.8428,16.0907,3.04823
674,16.1006,3.02203,-2.8428,16.0907,3.04823
675,16.1006,3.02203,-2.8428,16.0907,3.04823
676,16.1006,3.02203,-2.8428,16.0907,3.04823
677,16.1006,3.02203,-2.8428,16.0907,3.04823
678,16.0753,3.01518,-2.8311,16.0714,3.04292
679,16.0753,3.01518,-2.8311,16.0714,3.04292
680,16.0753,3.01518,-2.8311,16.0714,3.04292
681,16.0495,3.00853,-2.81973,16.0426,3.03463
682,16.0495,3.00853,-2.81973,16.0426,3.03463
683,16.0495,3.00853,-2.81973,16.0426,3.03463
684,16.0495,3.00853,-2.81973,16.0426,3.03463
685,16.0495,3.00853,-2.81973,16.0426,3.03463
686,16.0239,3.00189,-2.80809,16.014,3.02593
687,16.0239,3.00189,-2.80809,16.014,3.02593
688,16.0239,3.00189,-2.80809,16.014,3.02593
689,16.0239,3.00189,-2.80809,16.014,3.02593
690,16.0239,3.00189,-2.80809,16.014,3.02593
691,16.0239,3.00189,-2.80809,16.014,3.02593
692,16.0239,3.00189,-2.80809,16.014,3.02593
693,16.0013,2.99329,-2.7965,15.9949,3.0199
694,16.0013,2.99329,-2.7965,15.9949,3.0199
695,15.9742,2.98495,-2.78395,15.9665,3.0105
696,15.9742,2.98495,-2.78395,15.9665,3.0105
697,15.9742,2.98495,-2.78395,15.9665,3.0105
698,15.9742,2.98495,-2.78395,15.9665,3.0105
699,15.9742,2.98495,-2.78395,15.9665,3.0105
700,15.9742,2.98495,-2.78395,15.9665,3.0105
701,15.9742,2.98495,-2.78395,15.9665,3.0105
702,15.9509,2.97481,-2.77166,15.9382,3.00067
703,15.9509,2.97481,-2.77166,15.9382,3.00067
704,15.9509,2.97481,-2.77166,15.9382,3.00067
705,15.9509,2.97481,-2.77166,15.9382,3.00067
706,15.9265,2.96575,-2.75911,15.9194,2.99387
707,15.9265,2.96575,-2.75911,15.9194,2.99387
708,15.9265,2.96575,-2.75911,15.9194,2.99387
709,15.9265,2.96575,-2.75911,15.9194,2.99387
710,15.9265,2.96575,-2.75911,15.9194,2.99387
711,15.9026,2.95497,-2.7458,15.8914,2.9833
712,15.9026,2.95497,-2.7458,15.8914,2.9833
713,15.9026,2.95497,-2.7458,15.8914,2.9833
714,15.9026,2.95497,-2.7458,15.8914,2.9833
715,15.9026,2.95497,-2.7458,15.8914,2.9833
716,15.9026,2.95497,-2.7458,15.8914,2.9833
717,15.8795,2.94731,-2.73267,15.8728,2.97601
718,15.8795,2.94731,-2.73267,15.8728,2.97601
719,15.8795,2.94731,-2.73267,15.8728,2.97601
720,15.8795,2.94731,-2.73267,15.8728,2.97601
721,15.8795,2.94731,-2.73267,15.8728,2.97601
722,15.8578,2.93647,-2.71956,15.845,2.96469
723,15.8578,2.93647,-2.71956,15.845,2.96469
724,15.8578,2.93647,-2.71956,15.845,2.96469
725,15.8578,2.93647,-2.71956,15.845,2.96469
726,15.8377,2.92609,-2.7068,15.8266,2.95689
727,15.8377,2.92609,-2.7068,15.8266,2.95689
728,15.8377,2.92609,-2.7068,15.8266,2.95689
729,15.8377,2.92609,-2.7068,15.8266,2.95689
730,15.8377,2.92609,-2.7068,15.8266,2.95689
731,15.8377,2.92609,-2.7068,15.8266,2.95689
732,15.8171,2.91681,-2.69357,15.7992,2.9448
733,15.8171,2.91681,-2.69357,15.7992,2.9448
734,15.8171,2.91681,-2.69357,15.7992,2.9448
735,15.8171,2.91681,-2.69357,15.7992,2.9448
736,15.8171,2.91681,-2.69357,15.7992,2.9448
737,15.7956,2.90731,-2.68047,15.781,2.93648
738,15.7956,2.90731,-2.68047,15.781,2.93648
739,15.7956,2.90731,-2.68047,15.781,2.93648
740,15.7956,2.90731,-2.68047,15.781,2.93648
741,15.7745,2.89735,-2.66717,15.763,2.92795
742,15.7745,2.89735,-2.66717,15.763,2.92795
743,15.7745,2.89735,-2.66717,15.763,2.92795
744,15.7745,2.89735,-2.66717,15.763,2.92795
745,15.7745,2.89735,-2.66717,15.763,2.92795
746,15.7745,2.89735,-2.66717,15.763,2.92795
747,15.7573,2.88701,-2.65393,15.745,2.9192
748,15.7573,2.88701,-2.65393,15.745,2.9192
749,15.7573,2.88701,-2.65393,15.745,2.9192
750,15.7573,2.88701,-2.65393,15.745,2.9192
751,15.7368,2.87531,-2.6402,15.7183,2.90568
752,15.7368,2.87531,-2.6402,15.7183,2.90568
753,15.7368,2.87531,-2.6402,15.7183,2.90568
754,15.7368,2.87531,-2.6402,15.7183,2.90568
755,15.7368,2.87531,-2.6402,15.7183,2.90568
756,15.7191,2.86513,-2.62692,15.7006,2.8964
757,15.7191,2.86513,-2.62692,15.7006,2.8964
758,15.7191,2.86513,-2.62692,15.7006,2.8964
759,15.7191,2.86513,-2.62692,15.7006,2.8964
760,15.7191,2.86513,-2.62692,15.7006,2.8964
761,15.6964,2.85179,-2.61289,15.6742,2.88207
762,15.6964,2.85179,-2.61289,15.6742,2.88207
763,15.6964,2.85179,-2.61289,15.6742,2.88207
764,15.6964,2.85179,-2.61289,15.6742,2.88207
765,15.6964,2.85179,-2.61289,15.6742,2.88207
766,15.675,2.8408,-2.59847,15.6568,2.87224
767,15.675,2.8408,-2.59847,15.6568,2.87224
768,15.675,2.8408,-2.59847,15.6568,2.87224
769,15.675,2.8408,-2.59847,15.6568,2.87224
770,15.675,2.8408,-2.59847,15.6568,2.87224
771,15.675,2.8408,-2.59847,15.6568,2.87224
772,15.6534,2.83084,-2.58372,15.6396,2.86219
773,15.6534,2.83084,-2.58372,15.6396,2.86219
774,15.6534,2.83084,-2.58372,15.6396,2.86219
775,15.6534,2.83084,-2.58372,15.6396,2.86219
776,15.6534,2.83084,-2.58372,15.6396,2.86219
777,15.6315,2.81648,-2.56873,15.6139,2.84671
778,15.6315,2.81648,-2.56873,15.6139,2.84671
779,15.6315,2.81648,-2.56873,15.6139,2.84671
780,15.6315,2.81648,-2.56873,15.6139,2.84671
781,15.6135,2.80123,-2.55437,15.597,2.83611
782,15.6135,2.80123,-2.55437,15.597,2.83611
783,15.6135,2.80123,-2.55437,15.597,2.83611
784,15.6135,2.80123,-2.55437,15.597,2.83611
785,15.6135,2.80123,-2.55437,15.597,2.83611
786,15.6135,2.80123,-2.55437,15.597,2.83611
787,15.5924,2.78805,-2.53911,15.5718,2.81979
788,15.5924,2.78805,-2.53911,15.5718,2.81979
789,15.5924,2.78805,-2.53911,15.5718,2.81979
790,15.5924,2.78805,-2.53911,15.5718,2.81979
791,15.5924,2.78805,-2.53911,15.5718,2.81979
792,15.5924,2.78805,-2.53911,15.5718,2.81979
793,15.5924,2.78805,-2.53911,15.5718,2.81979
794,15.5742,2.77251,-2.52402,15.5552,2.80864
795,15.5742,2.77251,-2.52402,15.5552,2.80864
796,15.5564,2.75938,-2.50908,15.5306,2.7915
797,15.5564,2.75938,-2.50908,15.5306,2.7915
798,15.5564,2.75938,-2.50908,15.5306,2.7915
799,15.5564,2.75938,-2.50908,15.5306,2.7915
800,15.5564,2.75938,-2.50908,15.5306,2.7915
801,15.5564,2.75938,-2.50908,15.5306,2.7915
802,15.538,2.74547,-2.49462,15.5144,2.77979
803,15.538,2.74547,-2.49462,15.5144,2.77979
804,15.538,2.74547,-2.49462,15.5144,2.77979
805,15.538,2.74547,-2.49462,15.5144,2.77979
806,15.538,2.74547,-2.49462,15.5144,2.77979
807,15.5184,2.73261,-2.48047,15.4904,2.76182
808,15.5184,2.73261,-2.48047,15.4904,2.76182
809,15.5184,2.73261,-2.48047,15.4904,2.76182
810,15.5184,2.73261,-2.48047,15.4904,2.76182
811,15.4977,2.71831,-2.46618,15.4746,2.74957
812,15.4977,2.71831,-2.46618,15.4746,2.74957
813,15.4977,2.71831,-2.46618,15.4746,2.74957
814,15.4977,2.71831,-2.46618,15.4746,2.74957
815,15.4977,2.71831,-2.46618,15.4746,2.74957
816,15.4977,2.71831,-2.46618,15.4746,2.74957
817,15.4797,2.70189,-2.45131,15.4513,2.73078
818,15.4797,2.70189,-2.45131,15.4513,2.73078
819,15.4797,2.70189,-2.45131,15.4513,2.73078
820,15.4797,2.70189,-2.45131,15.4513,2.73078
821,15.4797,2.70189,-2.45131,15.4513,2.73078
822,15.4606,2.68817,-2.4372,15.4359,2.71798
823,15.4606,2.68817,-2.4372,15.4359,2.71798
824,15.4606,2.68817,-2.4372,15.4359,2.71798
825,15.4606,2.68817,-2.4372,15.4359,2.71798
826,15.4438,2.6728,-2.42284,15.4207,2.70497
827,15.4438,2.6728,-2.42284,15.4207,2.70497
828,15.4438,2.6728,-2.42284,15.4207,2.70497
829,15.4438,2.6728,-2.42284,15.4207,2.70497
830,15.4438,2.6728,-2.42284,15.4207,2.70497
831,15.4438,2.6728,-2.42284,15.4207,2.70497
832,15.428,2.65629,-2.40759,15.3983,2.68506
833,15.428,2.65629,-2.40759,15.3983,2.68506
834,15.428,2.65629,-2.40759,15.3983,2.68506
835,15.428,2.65629,-2.40759,15.3983,2.68506
836,15.428,2.65629,-2.40759,15.3983,2.68506
837,15.411,2.64173,-2.39315,15.3836,2.67153
838,15.411,2.64173,-2.39315,15.3836,2.67153
839,15.411,2.64173,-2.39315,15.3836,2.67153
840,15.411,2.64173,-2.39315,15.3836,2.67153
841,15.399,2.62322,-2.37772,15.369,2.65778
842,15.399,2.62322,-2.37772,15.369,2.65778
843,15.399,2.62322,-2.37772,15.369,2.65778
844,15.399,2.62322,-2.37772,15.369,2.65778
845,15.399,2.62322,-2.37772,15.369,2.65778
846,15.399,2.62322,-2.37772,15.369,2.65778
847,15.378,2.60671,-2.36242,15.3476,2.63678
848,15.378,2.60671,-2.36242,15.3476,2.63678
849,15.378,2.60671,-2.36242,15.3476,2.63678
850,15.378,2.60671,-2.36242,15.3476,2.63678
851,15.378,2.60671,-2.36242,15.3476,2.63678
852,15.3698,2.58821,-2.3474,15.3336,2.62253
853,15.3698,2.58821,-2.3474,15.3336,2.62253
854,15.3698,2.58821,-2.3474,15.3336,2.62253
855,15.3698,2.58821,-2.3474,15.3336,2.62253
856,15.354,2.57082,-2.33175,15.3197,2.60809
857,15.354,2.57082,-2.33175,15.3197,2.60809
858,15.354,2.57082,-2.33175,15.3197,2.60809
859,15.354,2.57082,-2.33175,15.3197,2.60809
860,15.354,2.57082,-2.33175,15.3197,2.60809
861,15.354,2.57082,-2.33175,15.3197,2.60809
862,15.3373,2.55138,-2.3159,15.2994,2.58605
863,15.3373,2.55138,-2.3159,15.2994,2.58605
864,15.3373,2.55138,-2.3159,15.2994,2.58605
865,15.3373,2.55138,-2.3159,15.2994,2.58605
866,15.3373,2.55138,-2.3159,15.2994,2.58605
867,15.3162,2.5321,-2.3006,15.2795,2.56359
868,15.3162,2.5321,-2.3006,15.2795,2.56359
869,15.3162,2.5321,-2.3006,15.2795,2.56359
870,15.3162,2.5321,-2.3006,15.2795,2.56359
871,15.3162,2.5321,-2.3006,15.2795,2.56359
872,15.3162,2.5321,-2.3006,15.2795,2.56359
873,15.2979,2.51565,-2.28584,15.2665,2.54838
874,15.2979,2.51565,-2.28584,15.2665,2.54838
875,15.2979,2.51565,-2.28584,15.2665,2.54838
876,15.2979,2.51565,-2.28584,15.2665,2.54838
877,15.2818,2.49796,-2.27162,15.2474,2.52523
878,15.2818,2.49796,-2.27162,15.2474,2.52523
879,15.2818,2.49796,-2.27162,15.2474,2.52523
880,15.2818,2.49796,-2.27162,15.2474,2.52523
881,15.2818,2.49796,-2.27162,15.2474,2.52523
882,15.2818,2.49796,-2.27162,15.2474,2.52523
883,15.2818,2.49796,-2.27162,15.2474,2.52523
884,15.2626,2.47991,-2.25772,15.2288,2.50168
885,15.2626,2.47991,-2.25772,15.2288,2.50168
886,15.2479,2.4631,-2.24411,15.2166,2.48577
887,15.2479,2.4631,-2.24411,15.2166,2.48577
888,15.2479,2.4631,-2.24411,15.2166,2.48577
889,15.2479,2.4631,-2.24411,15.2166,2.48577
890,15.2479,2.4631,-2.24411,15.2166,2.48577
891,15.2479,2.4631,-2.24411,15.2166,2.48577
892,15.2342,2.44475,-2.22995,15.2047,2.46969
893,15.2342,2.44475,-2.22995,15.2047,2.46969
894,15.2342,2.44475,-2.22995,15.2047,2.46969
895,15.2342,2.44475,-2.22995,15.2047,2.46969
896,15.2342,2.44475,-2.22995,15.2047,2.46969
897,15.2182,2.426,-2.21623,15.1873,2.44527
898,15.2182,2.426,-2.21623,15.1873,2.44527
899,15.2182,2.426,-2.21623,15.1873,2.44527
900,15.2182,2.426,-2.21623,15.1873,2.44527
901,15.2026,2.40732,-2.20198,15.1759,2.4288
902,15.2026,2.40732,-2.20198,15.1759,2.4288
903,15.2026,2.40732,-2.20198,15.1759,2.4288
904,15.2026,2.40732,-2.20198,15.1759,2.4288
905,15.2026,2.40732,-2.20198,15.1759,2.4288
906,15.2026,2.40732,-2.20198,15.1759,2.4288
907,15.1897,2.38904,-2.18784,15.1593,2.4038
908,15.1897,2.38904,-2.18784,15.1593,2.4038
909,15.1897,2.38904,-2.18784,15.1593,2.4038
910,15.1897,2.38904,-2.18784,15.1593,2.4038
911,15.1897,2.38904,-2.18784,15.1593,2.4038
912,15.1897,2.38904,-2.18784,15.1593,2.4038
913,15.1897,2.38904,-2.18784,15.1593,2.4038
914,15.1764,2.36846,-2.17349,15.1485,2.38695
915,15.1764,2.36846,-2.17349,15.1485,2.38695
916,15.1764,2.36846,-2.17349,15.1485,2.38695
917,15.1764,2.36846,-2.17349,15.1485,2.38695
918,15.1623,2.34877,-2.15907,15.1327,2.36141
919,15.1623,2.34877,-2.15907,15.1327,2.36141
920,15.1623,2.34877,-2.15907,15.1327,2.36141
921,15.1623,2.34877,-2.15907,15.1327,2.36141
922,15.1484,2.32861,-2.14472,15.1225,2.34422
923,15.1484,2.32861,-2.14472,15.1225,2.34422
924,15.1484,2.32861,-2.14472,15.1225,2.34422
925,15.1484,2.32861,-2.14472,15.1225,2.34422
926,15.1484,2.32861,-2.14472,15.1225,2.34422
927,15.131,2.30911,-2.13024,15.1075,2.31818
928,15.131,2.30911,-2.13024,15.1075,2.31818
929,15.131,2.30911,-2.13024,15.1075,2.31818
930,15.131,2.30911,-2.13024,15.1075,2.31818
931,15.131,2.30911,-2.13024,15.1075,2.31818
932,15.114,2.28765,-2.11593,15.0978,2.30067
933,15.114,2.28765,-2.11593,15.0978,2.30067
934,15.114,2.28765,-2.11593,15.0978,2.30067
935,15.114,2.28765,-2.11593,15.0978,2.30067
936,15.114,2.28765,-2.11593,15.0978,2.30067
937,15.1014,2.26716,-2.10265,15.0837,2.27417
938,15.1014,2.26716,-2.10265,15.0837,2.27417
939,15.1014,2.26716,-2.10265,15.0837,2.27417
940,15.1014,2.26716,-2.10265,15.0837,2.27417
941,15.1014,2.26716,-2.10265,15.0837,2.27417
942,15.0863,2.24614,-2.08832,15.0745,2.25636
943,15.0863,2.24614,-2.08832,15.0745,2.25636
944,15.0863,2.24614,-2.08832,15.0745,2.25636
945,15.0863,2.24614,-2.08832,15.0745,2.25636
946,15.0754,2.22513,-2.07406,15.0612,2.22944
947,15.0754,2.22513,-2.07406,15.0612,2.22944
948,15.0754,2.22513,-2.07406,15.0612,2.22944
949,15.0754,2.22513,-2.07406,15.0612,2.22944
950,15.0754,2.22513,-2.07406,15.0612,2.22944
951,15.0754,2.22513,-2.07406,15.0612,2.22944
952,15.0615,2.20466,-2.05986,15.0526,2.21136
953,15.0615,2.20466,-2.05986,15.0526,2.21136
954,15.0615,2.20466,-2.05986,15.0526,2.21136
955,15.0615,2.20466,-2.05986,15.0526,2.21136
956,15.0615,2.20466,-2.05986,15.0526,2.21136
957,15.0615,2.20466,-2.05986,15.0526,2.21136
958,15.0615,2.20466,-2.05986,15.0526,2.21136
959,15.0467,2.18119,-2.0457,15.0401,2.18405
960,15.0467,2.18119,-2.0457,15.0401,2.18405
961,15.0467,2.18119,-2.0457,15.0401,2.18405
962,15.0467,2.18119,-2.0457,15.0401,2.18405
963,15.0386,2.15985,-2.03188,15.0321,2.16572
964,15.0386,2.15985,-2.03188,15.0321,2.16572
965,15.0386,2.15985,-2.03188,15.0321,2.16572
966,15.0386,2.15985,-2.03188,15.0321,2.16572
967,15.027,2.13553,-2.01777,15.0204,2.13807
968,15.027,2.13553,-2.01777,15.0204,2.13807
969,15.027,2.13553,-2.01777,15.0204,2.13807
970,15.027,2.13553,-2.01777,15.0204,2.13807
971,15.0175,2.11495,-2.00403,15.0128,2.11952
972,15.0175,2.11495,-2.00403,15.0128,2.11952
973,15.0175,2.11495,-2.00403,15.0128,2.11952
974,15.0175,2.11495,-2.00403,15.0128,2.11952
975,15.0175,2.11495,-2.00403,15.0128,2.11952
976,15.0175,2.11495,-2.00403,15.0128,2.11952
977,15.0042,2.08894,-1.9896,15.0019,2.09154
978,15.0042,2.08894,-1.9896,15.0019,2.09154
979,15.0042,2.08894,-1.9896,15.0019,2.09154
980,15.0042,2.08894,-1.9896,15.0019,2.09154
981,15.0042,2.08894,-1.9896,15.0019,2.09154
982,15.0042,2.08894,-1.9896,15.0019,2.09154
983,14.9943,2.06546,-1.97549,14.9914,2.06339
984,14.9943,2.06546,-1.97549,14.9914,2.06339
985,14.9943,2.06546,-1.97549,14.9914,2.06339
986,14.9943,2.06546,-1.97549,14.9914,2.06339
987,14.9943,2.06546,-1.97549,14.9914,2.06339
988,14.9827,2.04514,-1.96205,14.9847,2.04453
989,14.9827,2.04514,-1.96205,14.9847,2.04453
990,14.9827,2.04514,-1.96205,14.9847,2.04453
991,14.9827,2.04514,-1.96205,14.9847,2.04453
992,14.9699,2.02279,-1.94878,14.9749,2.01611
993,14.9699,2.02279,-1.94878,14.9749,2.01611
994,14.9699,2.02279,-1.94878,14.9749,2.01611
995,14.9699,2.02279,-1.94878,14.9749,2.01611
996,14.9699,2.02279,-1.94878,14.9749,2.01611
997,14.9699,2.02279,-1.94878,14.9749,2.01611
998,14.9608,2.00198,-1.9359,14.9687,1.99709
999,14.9608,2.00198,-1.9359,14.9687,1.99709
1000,14.9608,2.00198,-1.9359,14.9687,1.99709
1001,14.9608,2.00198,-1.9359,14.9687,1.99709
1002,14.9608,2.00198,-1.9359,14.9687,1.99709
1003,14.9499,1.97925,-1.92295,14.9626,1.978
1004,14.9499,1.97925,-1.92295,14.9626,1.978
1005,14.9499,1.97925,-1.92295,14.9626,1.978
1006,14.9412,1.95626,-1.90959,14.9539,1.94925
1007,14.9412,1.95626,-1.90959,14.9539,1.94925
1008,14.9412,1.95626,-1.90959,14.9539,1.94925
1009,14.9412,1.95626,-1.90959,14.9539,1.94925
1010,14.9412,1.95626,-1.90959,14.9539,1.94925
1011,14.9412,1.95626,-1.90959,14.9539,1.94925
1012,14.9412,1.95626,-1.90959,14.9539,1.94925
1013,14.9299,1.93282,-1.89656,14.9483,1.93002
1014,14.9299,1.93282,-1.89656,14.9483,1.93002
1015,14.9299,1.93282,-1.89656,14.9483,1.93002
1016,14.9299,1.93282,-1.89656,14.9483,1.93002
1017,14.9299,1.93282,-1.89656,14.9483,1.93002
1018,14.9221,1.90899,-1.88374,14.9403,1.90107
1019,14.9221,1.90899,-1.88374,14.9403,1.90107
1020,14.9221,1.90899,-1.88374,14.9403,1.90107
1021,14.9221,1.90899,-1.88374,14.9403,1.90107
1022,14.9104,1.88699,-1.87083,14.9352,1.88171
1023,14.9104,1.88699,-1.87083,14.9352,1.88171
1024,14.9104,1.88699,-1.87083,14.9352,1.88171
1025,14.9104,1.88699,-1.87083,14.9352,1.88171
1026,14.9104,1.88699,-1.87083,14.9352,1.88171
1027,14.9104,1.88699,-1.87083,14.9352,1.88171
1028,14.9021,1.86346,-1.85865,14.9278,1.85259
1029,14.9021,1.86346,-1.85865,14.9278,1.85259
1030,14.9021,1.86346,-1.85865,14.9278,1.85259
1031,14.9021,1.86346,-1.85865,14.9278,1.85259
1032,14.8916,1.84087,-1.8461,14.9231,1.83312
1033,14.8916,1.84087,-1.8461,14.9231,1.83312
1034,14.8916,1.84087,-1.8461,14.9231,1.83312
1035,14.8916,1.84087,-1.8461,14.9231,1.83312
1036,14.8916,1.84087,-1.8461,14.9231,1.83312
1037,14.8916,1.84087,-1.8461,14.9231,1.83312
1038,14.8844,1.81828,-1.83405,14.9186,1.81361
1039,14.8844,1.81828,-1.83405,14.9186,1.81361
1040,14.8844,1.81828,-1.83405,14.9186,1.81361
1041,14.8844,1.81828,-1.83405,14.9186,1.81361
1042,14.8844,1.81828,-1.83405,14.9186,1.81361
1043,14.8741,1.79393,-1.82171,14.9121,1.78427
1044,14.8741,1.79393,-1.82171,14.9121,1.78427
1045,14.8741,1.79393,-1.82171,14.9121,1.78427
1046,14.8741,1.79393,-1.82171,14.9121,1.78427
1047,14.8666,1.77001,-1.80891,14.908,1.76466
1048,14.8666,1.77001,-1.80891,14.908,1.76466
1049,14.8666,1.77001,-1.80891,14.908,1.76466
1050,14.8666,1.77001,-1.80891,14.908,1.76466
1051,14.8666,1.77001,-1.80891,14.908,1.76466
1052,14.8666,1.77001,-1.80891,14.908,1.76466
1053,14.8605,1.74494,-1.7969,14.9022,1.7352
1054,14.8605,1.74494,-1.7969,14.9022,1.7352
1055,14.8605,1.74494,-1.7969,14.9022,1.7352
1056,14.8605,1.74494,-1.7969,14.9022,1.7352
1057,14.8565,1.71994,-1.78515,14.8985,1.71551
1058,14.8565,1.71994,-1.78515,14.8985,1.71551
1059,14.8565,1.71994,-1.78515,14.8985,1.71551
1060,14.8565,1.71994,-1.78515,14.8985,1.71551
1061,14.8565,1.71994,-1.78515,14.8985,1.71551
1062,14.8456,1.69518,-1.77349,14.8932,1.68593
1063,14.8456,1.69518,-1.77349,14.8932,1.68593
1064,14.8456,1.69518,-1.77349,14.8932,1.68593
1065,14.8456,1.69518,-1.77349,14.8932,1.68593
1066,14.8456,1.69518,-1.77349,14.8932,1.68593
1067,14.8388,1.67084,-1.76133,14.8899,1.66618
1068,14.8388,1.67084,-1.76133,14.8899,1.66618
1069,14.8388,1.67084,-1.76133,14.8899,1.66618
1070,14.8388,1.67084,-1.76133,14.8899,1.66618
1071,14.8388,1.67084,-1.76133,14.8899,1.66618
1072,14.8388,1.67084,-1.76133,14.8899,1.66618
1073,14.8349,1.64229,-1.74941,14.8853,1.6365
1074,14.8349,1.64229,-1.74941,14.8853,1.6365
1075,14.8349,1.64229,-1.74941,14.8853,1.6365
1076,14.8349,1.64229,-1.74941,14.8853,1.6365
1077,14.8349,1.64229,-1.74941,14.8853,1.6365
1078,14.8349,1.64229,-1.74941,14.8853,1.6365
1079,14.8317,1.61554,-1.73738,14.8809,1.60678
1080,14.8317,1.61554,-1.73738,14.8809,1.60678
1081,14.8317,1.61554,-1.73738,14.8809,1.60678
1082,14.8317,1.61554,-1.73738,14.8809,1.60678
1083,14.8285,1.58966,-1.72556,14.8782,1.58694
1084,14.8285,1.58966,-1.72556,14.8782,1.58694
1085,14.8285,1.58966,-1.72556,14.8782,1.58694
1086,14.8285,1.58966,-1.72556,14.8782,1.58694
1087,14.8285,1.58966,-1.72556,14.8782,1.58694
1088,14.8254,1.5621,-1.71387,14.8744,1.55714
1089,14.8254,1.5621,-1.71387,14.8744,1.55714
1090,14.8254,1.5621,-1.71387,14.8744,1.55714
1091,14.8254,1.5621,-1.71387,14.8744,1.55714
1092,14.8254,1.5621,-1.71387,14.8744,1.55714
1093,14.8254,1.5621,-1.71387,14.8744,1.55714
1094,14.8254,1.5621,-1.71387,14.8744,1.55714
1095,14.8254,1.5621,-1.71387,14.8744,1.55714
1096,14.8233,1.53492,-1.70204,14.8709,1.5273
1097,14.8233,1.53492,-1.70204,14.8709,1.5273
1098,14.8233,1.53492,-1.70204,14.8709,1.5273
1099,14.8209,1.50808,-1.69104,14.8688,1.50739
1100,14.8209,1.50808,-1.69104,14.8688,1.50739
1101,14.8209,1.50808,-1.69104,14.8688,1.50739
1102,14.8209,1.50808,-1.69104,14.8688,1.50739
1103,14.8209,1.50808,-1.69104,14.8688,1.50739
1104,14.8209,1.50808,-1.69104,14.8688,1.50739
1105,14.8178,1.48148,-1.68051,14.8658,1.47749
1106,14.8178,1.48148,-1.68051,14.8658,1.47749
1107,14.8178,1.48148,-1.68051,14.8658,1.47749
1108,14.8178,1.48148,-1.68051,14.8658,1.47749
1109,14.8154,1.45423,-1.66998,14.8631,1.44757
1110,14.8154,1.45423,-1.66998,14.8631,1.44757
1111,14.8154,1.45423,-1.66998,14.8631,1.44757
1112,14.8154,1.45423,-1.66998,14.8631,1.44757
1113,14.8154,1.45423,-1.66998,14.8631,1.44757
1114,14.8154,1.45423,-1.66998,14.8631,1.44757
1115,14.8133,1.42714,-1.65999,14.8615,1.42761
1116,14.8133,1.42714,-1.65999,14.8615,1.42761
1117,14.8133,1.42714,-1.65999,14.8615,1.42761
1118,14.8133,1.42714,-1.65999,14.8615,1.42761
1119,14.8133,1.42714,-1.65999,14.8615,1.42761
1120,14.8095,1.40145,-1.65067,14.8592,1.39765
1121,14.8095,1.40145,-1.65067,14.8592,1.39765
1122,14.8095,1.40145,-1.65067,14.8592,1.39765
1123,14.8095,1.40145,-1.65067,14.8592,1.39765
1124,14.8095,1.40145,-1.65067,14.8592,1.39765
1125,14.8066,1.37471,-1.64176,14.8573,1.36768
1126,14.8066,1.37471,-1.64176,14.8573,1.36768
1127,14.8066,1.37471,-1.64176,14.8573,1.36768
1128,14.8066,1.37471,-1.64176,14.8573,1.36768
1129,14.8066,1.37471,-1.64176,14.8573,1.36768
1130,14.8066,1.37471,-1.64176,14.8573,1.36768
1131,14.8066,1.37471,-1.64176,14.8573,1.36768
1132,14.8035,1.34662,-1.6331,14.8562,1.34768
1133,14.8035,1.34662,-1.6331,14.8562,1.34768
1134,14.8035,1.34662,-1.6331,14.8562,1.34768
1135,14.8035,1.34662,-1.6331,14.8562,1.34768
1136,14.8022,1.31998,-1.62484,14.8547,1.31768
1137,14.8022,1.31998,-1.62484,14.8547,1.31768
1138,14.8022,1.31998,-1.62484,14.8547,1.31768
1139,14.8022,1.31998,-1.62484,14.8547,1.31768
1140,14.8022,1.31998,-1.62484,14.8547,1.31768
1141,14.8022,1.31998,-1.62484,14.8547,1.31768
1142,14.8026,1.29107,-1.61688,14.8535,1.28766
1143,14.8026,1.29107,-1.61688,14.8535,1.28766
1144,14.8026,1.29107,-1.61688,14.8535,1.28766
1145,14.8026,1.29107,-1.61688,14.8535,1.28766
1146,14.8002,1.26482,-1.6096,14.8528,1.26765
1147,14.8002,1.26482,-1.6096,14.8528,1.26765
1148,14.8002,1.26482,-1.6096,14.8528,1.26765
1149,14.8002,1.26482,-1.6096,14.8528,1.26765
1150,14.8002,1.26482,-1.6096,14.8528,1.26765
1151,14.8017,1.23824,-1.60327,14.852,1.23762
1152,14.8017,1.23824,-1.60327,14.852,1.23762
1153,14.8017,1.23824,-1.60327,14.852,1.23762
1154,14.8017,1.23824,-1.60327,14.852,1.23762
1155,14.8029,1.21361,-1.59748,14.8516,1.2176
1156,14.8029,1.21361,-1.59748,14.8516,1.2176
1157,14.8029,1.21361,-1.59748,14.8516,1.2176
1158,14.8029,1.21361,-1.59748,14.8516,1.2176
1159,14.8001,1.18944,-1.59274,14.8512,1.18756
1160,14.8014,1.16963,-1.58848,14.851,1.151
1161,14.8014,1.16963,-1.58848,14.851,1.151
1162,14.8014,1.16963,-1.58848,14.851,1.151
1163,14.8014,1.16963,-1.58848,14.851,1.151
1164,14.8014,1.16963,-1.58848,14.851,1.151
1165,14.7998,1.1499,-1.58499,14.851,1.151
1166,14.7998,1.1499,-1.58499,14.851,1.151
1167,14.7998,1.1499,-1.58499,14.851,1.151
1168,14.8016,1.13303,-1.58179,14.851,1.131
1169,14.8016,1.13303,-1.58179,14.851,1.131
1170,14.8016,1.13303,-1.58179,14.851,1.131
1171,14.8016,1.13303,-1.58179,14.851,1.131
1172,14.8016,1.13303,-1.58179,14.851,1.131
1173,14.8021,1.11609,-1.57876,14.851,1.121
1174,14.8021,1.11609,-1.57876,14.851,1.121
1175,14.8021,1.11609,-1.57876,14.851,1.121
1176,14.8021,1.11609,-1.57876,14.851,1.121
1177,14.8021,1.11609,-1.57876,14.851,1.121
1178,14.8021,1.11609,-1.57876,14.851,1.121
1179,14.8021,1.11609,-1.57876,14.851,1.121
1180,14.8028,1.09717,-1.57586,14.851,1.101
1181,14.8028,1.09717,-1.57586,14.851,1.101
1182,14.8028,1.09717,-1.57586,14.851,1.101
1183,14.8028,1.09717,-1.57586,14.851,1.101
1184,14.8024,1.07727,-1.57267,14.851,1.081
1185,14.8024,1.07727,-1.57267,14.851,1.081
1186,14.8024,1.07727,-1.57267,14.851,1.081
1187,14.8024,1.07727,-1.57267,14.851,1.081
1188,14.8036,1.05728,-1.56873,14.851,1.061
1189,14.8036,1.05728,-1.56873,14.851,1.061
1190,14.8036,1.05728,-1.56873,14.851,1.061
1191,14.8036,1.05728,-1.56873,14.851,1.061
1192,14.8036,1.05728,-1.56873,14.851,1.061
1193,14.8036,1.05728,-1.56873,14.851,1.061
1194,14.8036,1.05728,-1.56873,14.851,1.061
1195,14.8011,1.03706,-1.56459,14.851,1.041
1196,14.8011,1.03706,-1.56459,14.851,1.041
1197,14.8011,1.03706,-1.56459,14.851,1.041
1198,14.7998,1.01764,-1.55957,14.851,1.021
1199,14.7998,1.01764,-1.55957,14.851,1.021
1200,14.7998,1.01764,-1.55957,14.851,1.021
1201,14.7998,1.01764,-1.55957,14.851,1.021
1202,14.7998,1.01764,-1.55957,14.851,1.021
1203,14.7995,0.99762,-1.5545,14.851,1.001
1204,14.7995,0.99762,-1.5545,14.851,1.001
1205,14.7995,0.99762,-1.5545,14.851,1.001
1206,14.7995,0.99762,-1.5545,14.851,1.001
1207,14.7995,0.99762,-1.5545,14.851,1.001
1208,14.798,0.978946,-1.54925,14.851,0.981
1209,14.798,0.978946,-1.54925,14.851,0.981
1210,14.798,0.978946,-1.54925,14.851,0.981
1211,14.798,0.978946,-1.54925,14.851,0.981
1212,14.798,0.978946,-1.54925,14.851,0.981
1213,14.798,0.978946,-1.54925,14.851,0.981
1214,14.7979,0.960256,-1.54417,14.851,0.961
1215,14.7979,0.960256,-1.54417,14.851,0.961
1216,14.7979,0.960256,-1.54417,14.851,0.961
1217,14.7979,0.960256,-1.54417,14.851,0.961
1218,14.7979,0.960256,-1.54417,14.851,0.961
1219,14.799,0.942035,-1.53898,14.851,0.941
1220,14.799,0.942035,-1.53898,14.851,0.941
1221,14.799,0.942035,-1.53898,14.851,0.941
1222,14.799,0.942035,-1.53898,14.851,0.941
1223,14.8,0.92303,-1.53423,14.851,0.921
1224,14.8,0.92303,-1.53423,14.851,0.921
1225,14.8,0.92303,-1.53423,14.851,0.921
1226,14.8,0.92303,-1.53423,14.851,0.921
1227,14.8,0.92303,-1.53423,14.851,0.921
1228,14.8,0.92303,-1.53423,14.851,0.921
1229,14.8,0.904682,-1.52937,14.851,0.901
1230,14.8,0.904682,-1.52937,14.851,0.901
1231,14.8,0.904682,-1.52937,14.851,0.901
1232,14.8,0.904682,-1.52937,14.851,0.901
1233,14.8,0.904682,-1.52937,14.851,0.901
1234,14.8014,0.885526,-1.52451,14.851,0.881
1235,14.8014,0.885526,-1.52451,14.851,0.881
1236,14.8014,0.885526,-1.52451,14.851,0.881
1237,14.8014,0.885526,-1.52451,14.851,0.881
1238,14.8027,0.866438,-1.51982,14.851,0.871
1239,14.8027,0.866438,-1.51982,14.851,0.871
1240,14.8027,0.866438,-1.51982,14.851,0.871
1241,14.8027,0.866438,-1.51982,14.851,0.871
1242,14.8027,0.866438,-1.51982,14.851,0.871
1243,14.8027,0.866438,-1.51982,14.851,0.871
1244,14.8054,0.847947,-1.5154,14.851,0.851
1245,14.8054,0.847947,-1.5154,14.851,0.851
1246,14.8054,0.847947,-1.5154,14.851,0.851
1247,14.8054,0.847947,-1.5154,14.851,0.851
1248,14.8054,0.847947,-1.5154,14.851,0.851
1249,14.8087,0.82854,-1.51136,14.851,0.831
1250,14.8087,0.82854,-1.51136,14.851,0.831
1251,14.8087,0.82854,-1.51136,14.851,0.831
1252,14.8087,0.82854,-1.51136,14.851,0.831
1253,14.8094,0.810032,-1.50752,14.851,0.811
1254,14.8094,0.810032,-1.50752,14.851,0.811
1255,14.8094,0.810032,-1.50752,14.851,0.811
1256,14.8094,0.810032,-1.50752,14.851,0.811
1257,14.8094,0.810032,-1.50752,14.851,0.811
1258,14.8094,0.810032,-1.50752,14.851,0.811
1259,14.8094,0.790233,-1.50375,14.851,0.791
1260,14.8094,0.790233,-1.50375,14.851,0.791
1261,14.8094,0.790233,-1.50375,14.851,0.791
1262,14.8094,0.790233,-1.50375,14.851,0.791
1263,14.8094,0.790233,-1.50375,14.851,0.791
1264,14.8094,0.771676,-1.50016,14.851,0.771
1265,14.8094,0.771676,-1.50016,14.851,0.771
1266,14.8094,0.771676,-1.50016,14.851,0.771
1267,14.8094,0.771676,-1.50016,14.851,0.771
1268,14.8152,0.751988,-1.49746,14.851,0.751
1269,14.8152,0.751988,-1.49746,14.851,0.751
1270,14.8152,0.751988,-1.49746,14.851,0.751
1271,14.8152,0.751988,-1.49746,14.851,0.751
1272,14.8152,0.751988,-1.49746,14.851,0.751
1273,14.8152,0.751988,-1.49746,14.851,0.751
1274,14.8175,0.732546,-1.495,14.851,0.731
1275,14.8175,0.732546,-1.495,14.851,0.731
1276,14.8175,0.732546,-1.495,14.851,0.731
1277,14.8175,0.732546,-1.495,14.851,0.731
1278,14.8178,0.714093,-1.49281,14.851,0.711
1279,14.8178,0.714093,-1.49281,14.851,0.711
1280,14.8178,0.714093,-1.49281,14.851,0.711
1281,14.8178,0.714093,-1.49281,14.851,0.711
1282,14.8178,0.714093,-1.49281,14.851,0.711
1283,14.8178,0.714093,-1.49281,14.851,0.711
1284,14.8204,0.695181,-1.49107,14.851,0.691
1285,14.8204,0.695181,-1.49107,14.851,0.691
1286,14.8204,0.695181,-1.49107,14.851,0.691
1287,14.8204,0.695181,-1.49107,14.851,0.691
1288,14.8222,0.675786,-1.48935,14.851,0.671
1289,14.8222,0.675786,-1.48935,14.851,0.671
1290,14.8222,0.675786,-1.48935,14.851,0.671
1291,14.8222,0.675786,-1.48935,14.851,0.671
1292,14.8222,0.675786,-1.48935,14.851,0.671
1293,14.8222,0.675786,-1.48935,14.851,0.671
1294,14.8228,0.656547,-1.48791,14.851,0.661
1295,14.8228,0.656547,-1.48791,14.851,0.661
1296,14.8228,0.656547,-1.48791,14.851,0.661
1297,14.8228,0.656547,-1.48791,14.851,0.661
1298,14.8228,0.656547,-1.48791,14.851,0.661
1299,14.8232,0.637197,-1.48684,14.851,0.641
1300,14.8232,0.637197,-1.48684,14.851,0.641
1301,14.8232,0.637197,-1.48684,14.851,0.641
1302,14.8232,0.637197,-1.48684,14.851,0.641
1303,14.8241,0.617929,-1.4862,14.851,0.621
1304,14.8241,0.617929,-1.4862,14.851,0.621
1305,14.8241,0.617929,-1.4862,14.851,0.621
1306,14.8241,0.617929,-1.4862,14.851,0.621
1307,14.8241,0.617929,-1.4862,14.851,0.621
1308,14.8241,0.617929,-1.4862,14.851,0.621
1309,14.8256,0.599383,-1.48589,14.851,0.601
1310,14.8256,0.599383,-1.48589,14.851,0.601
1311,14.8256,0.599383,-1.48589,14.851,0.601
1312,14.8256,0.599383,-1.48589,14.851,0.601
1313,14.8256,0.599383,-1.48589,14.851,0.601
1314,14.8267,0.580686,-1.4859,14.851,0.581
1315,14.8267,0.580686,-1.4859,14.851,0.581
1316,14.8267,0.580686,-1.4859,14.851,0.581
1317,14.8267,0.580686,-1.4859,14.851,0.581
1318,14.8281,0.560401,-1.48627,14.851,0.561
1319,14.8281,0.560401,-1.48627,14.851,0.561
1320,14.8281,0.560401,-1.48627,14.851,0.561
1321,14.8281,0.560401,-1.48627,14.851,0.561
1322,14.8281,0.560401,-1.48627,14.851,0.561
1323,14.8281,0.560401,-1.48627,14.851,0.561
1324,14.8281,0.560401,-1.48627,14.851,0.561
1325,14.8276,0.540642,-1.48676,14.851,0.541
1326,14.8276,0.540642,-1.48676,14.851,0.541
1327,14.8276,0.540642,-1.48676,14.851,0.541
1328,14.8299,0.522288,-1.48721,14.851,0.521
1329,14.8299,0.522288,-1.48721,14.851,0.521
1330,14.8299,0.522288,-1.48721,14.851,0.521
1331,14.8299,0.522288,-1.48721,14.851,0.521
1332,14.8299,0.522288,-1.48721,14.851,0.521
1333,14.8299,0.522288,-1.48721,14.851,0.521
1334,14.8299,0.522288,-1.48721,14.851,0.521
1335,14.8297,0.503035,-1.48815,14.851,0.501
1336,14.8297,0.503035,-1.48815,14.851,0.501
1337,14.8297,0.503035,-1.48815,14.851,0.501
1338,14.8297,0.503035,-1.48815,14.851,0.501
1339,14.8297,0.503035,-1.48815,14.851,0.501
1340,14.8326,0.482381,-1.48908,14.851,0.481
1341,14.8326,0.482381,-1.48908,14.851,0.481
1342,14.8326,0.482381,-1.48908,14.851,0.481
1343,14.8326,0.482381,-1.48908,14.851,0.481
1344,14.832,0.462785,-1.48973,14.851,0.461
1345,14.832,0.462785,-1.48973,14.851,0.461
1346,14.832,0.462785,-1.48973,14.851,0.461
1347,14.832,0.462785,-1.48973,14.851,0.461
1348,14.8351,0.443122,-1.49093,14.851,0.441
1349,14.8351,0.443122,-1.49093,14.851,0.441
1350,14.8351,0.443122,-1.49093,14.851,0.441
1351,14.8351,0.443122,-1.49093,14.851,0.441
1352,14.8351,0.443122,-1.49093,14.851,0.441
1353,14.8351,0.443122,-1.49093,14.851,0.441
1354,14.8373,0.422409,-1.49215,14.851,0.421
1355,14.8373,0.422409,-1.49215,14.851,0.421
1356,14.8373,0.422409,-1.49215,14.851,0.421
1357,14.8373,0.422409,-1.49215,14.851,0.421
1358,14.8373,0.422409,-1.49215,14.851,0.421
1359,14.8387,0.402317,-1.49313,14.851,0.401
1360,14.8387,0.402317,-1.49313,14.851,0.401
1361,14.8387,0.402317,-1.49313,14.851,0.401
1362,14.8387,0.402317,-1.49313,14.851,0.401
1363,14.8393,0.382559,-1.49443,14.851,0.381
1364,14.8393,0.382559,-1.49443,14.851,0.381
1365,14.8393,0.382559,-1.49443,14.851,0.381
1366,14.8393,0.382559,-1.49443,14.851,0.381
1367,14.8393,0.382559,-1.49443,14.851,0.381
1368,14.8393,0.382559,-1.49443,14.851,0.381
1369,14.8411,0.361195,-1.49566,14.851,0.361
1370,14.8411,0.361195,-1.49566,14.851,0.361
1371,14.8411,0.361195,-1.49566,14.851,0.361
1372,14.8411,0.361195,-1.49566,14.851,0.361
1373,14.8411,0.361195,-1.49566,14.851,0.361
1374,14.8411,0.34084,-1.49699,14.851,0.341
1375,14.8411,0.34084,-1.49699,14.851,0.341
1376,14.8411,0.34084,-1.49699,14.851,0.341
1377,14.8411,0.34084,-1.49699,14.851,0.341
1378,14.8413,0.320642,-1.49893,14.851,0.321
1379,14.8413,0.320642,-1.49893,14.851,0.321
1380,14.8413,0.320642,-1.49893,14.851,0.321
1381,14.8413,0.320642,-1.49893,14.851,0.321
1382,14.8413,0.320642,-1.49893,14.851,0.321
1383,14.8435,0.299974,-1.50109,14.851,0.301
1384,14.8435,0.299974,-1.50109,14.851,0.301
1385,14.8435,0.299974,-1.50109,14.851,0.301
1386,14.8435,0.299974,-1.50109,14.851,0.301
1387,14.8435,0.299974,-1.50109,14.851,0.301
1388,14.8435,0.299974,-1.50109,14.851,0.301
1389,14.8464,0.279235,-1.50318,14.851,0.281
1390,14.8464,0.279235,-1.50318,14.851,0.281
1391,14.8464,0.279235,-1.50318,14.851,0.281
1392,14.8464,0.279235,-1.50318,14.851,0.281
1393,14.8464,0.279235,-1.50318,14.851,0.281
1394,14.8475,0.257598,-1.50528,14.851,0.261
1395,14.8475,0.257598,-1.50528,14.851,0.261
1396,14.8475,0.257598,-1.50528,14.851,0.261
1397,14.8475,0.257598,-1.50528,14.851,0.261
1398,14.8497,0.236403,-1.50732,14.851,0.241
1399,14.8497,0.236403,-1.50732,14.851,0.241
1400,14.8497,0.236403,-1.50732,14.851,0.241
1401,14.8497,0.236403,-1.50732,14.851,0.241
1402,14.8497,0.236403,-1.50732,14.851,0.241
1403,14.8497,0.236403,-1.50732,14.851,0.241
1404,14.8513,0.216133,-1.50925,14.851,0.221
1405,14.8513,0.216133,-1.50925,14.851,0.221
1406,14.8513,0.216133,-1.50925,14.851,0.221
1407,14.8513,0.216133,-1.50925,14.851,0.221
1408,14.8501,0.195786,-1.51156,14.851,0.191
1409,14.8501,0.195786,-1.51156,14.851,0.191
1410,14.8501,0.195786,-1.51156,14.851,0.191
1411,14.8501,0.195786,-1.51156,14.851,0.191
1412,14.8501,0.195786,-1.51156,14.851,0.191
1413,14.8514,0.1763,-1.5138,14.851,0.181
1414,14.8514,0.1763,-1.5138,14.851,0.181
1415,14.8514,0.1763,-1.5138,14.851,0.181
1416,14.8514,0.1763,-1.5138,14.851,0.181
1417,14.8514,0.1763,-1.5138,14.851,0.181
1418,14.8514,0.1763,-1.5138,14.851,0.181
1419,14.8524,0.155558,-1.51621,14.851,0.151
1420,14.8524,0.155558,-1.51621,14.851,0.151
1421,14.8524,0.155558,-1.51621,14.851,0.151
1422,14.8524,0.155558,-1.51621,14.851,0.151
1423,14.8524,0.155558,-1.51621,14.851,0.151
1424,14.8524,0.136439,-1.5189,14.851,0.141
1425,14.8524,0.136439,-1.5189,14.851,0.141
1426,14.8524,0.136439,-1.5189,14.851,0.141
1427,14.8562,0.116184,-1.52097,14.851,0.121
1428,14.8562,0.116184,-1.52097,14.851,0.121
1429,14.8562,0.116184,-1.52097,14.851,0.121
1430,14.8562,0.116184,-1.52097,14.851,0.121
1431,14.8562,0.116184,-1.52097,14.851,0.121
1432,14.8562,0.116184,-1.52097,14.851,0.121
1433,14.8562,0.116184,-1.52097,14.851,0.121
1434,14.8584,0.095764,-1.52325,14.851,0.091
1435,14.8584,0.095764,-1.52325,14.851,0.091
1436,14.8584,0.095764,-1.52325,14.851,0.091
1437,14.8584,0.095764,-1.52325,14.851,0.091
1438,14.8584,0.095764,-1.52325,14.851,0.091
1439,14.8598,0.0764919,-1.52555,14.851,0.081
1440,14.8598,0.0764919,-1.52555,14.851,0.081
1441,14.8598,0.0764919,-1.52555,14.851,0.081
1442,14.8602,0.0574377,-1.5278,14.851,0.061
1443,14.8602,0.0574377,-1.5278,14.851,0.061
1444,14.8602,0.0574377,-1.5278,14.851,0.061
1445,14.8602,0.0574377,-1.5278,14.851,0.061
1446,14.8602,0.0574377,-1.5278,14.851,0.061
1447,14.8602,0.0574377,-1.5278,14.851,0.061
1448,14.86,0.0369976,-1.53012,14.851,0.041
1449,14.86,0.0369976,-1.53012,14.851,0.041
1450,14.86,0.0369976,-1.53012,14.851,0.041
1451,14.86,0.0369976,-1.53012,14.851,0.041
1452,14.86,0.0369976,-1.53012,14.851,0.041
1453,14.86,0.0369976,-1.53012,14.851,0.041
1454,14.8617,0.0175927,-1.5324,14.851,0.021
1455,14.8617,0.0175927,-1.5324,14.851,0.021
1456,14.8617,0.0175927,-1.5324,14.851,0.021
1457,14.8617,0.0175927,-1.5324,14.851,0.021
1458,14.8617,0.0175927,-1.5324,14.851,0.021
1459,14.8615,-0.00257922,-1.53531,14.851,0.00100002
1460,14.8615,-0.00257922,-1.53531,14.851,0.00100002
1461,14.8615,-0.00257922,-1.53531,14.851,0.00100002
1462,14.8615,-0.00257922,-1.53531,14.851,0.00100002
1463,14.8634,-0.0215566,-1.5378,14.851,-0.019
1464,14.8634,-0.0215566,-1.5378,14.851,-0.019
1465,14.8634,-0.0215566,-1.5378,14.851,-0.019
1466,14.8634,-0.0215566,-1.5378,14.851,-0.019
1467,14.8634,-0.0215566,-1.5378,14.851,-0.019
1468,14.864,-0.0415059,-1.54064,14.851,-0.039
1469,14.864,-0.0415059,-1.54064,14.851,-0.039
1470,14.864,-0.0415059,-1.54064,14.851,-0.039
1471,14.864,-0.0415059,-1.54064,14.851,-0.039
1472,14.8609,-0.0613216,-1.54509,14.851,-0.059
1473,14.8609,-0.0613216,-1.54509,14.851,-0.059
1474,14.8609,-0.0613216,-1.54509,14.851,-0.059
1475,14.8609,-0.0613216,-1.54509,14.851,-0.059
1476,14.8609,-0.0613216,-1.54509,14.851,-0.059
1477,14.8609,-0.0613216,-1.54509,14.851,-0.059
1478,14.8609,-0.0613216,-1.54509,14.851,-0.059
1479,14.8626,-0.0799024,-1.54591,14.851,-0.079
1480,14.8626,-0.0799024,-1.54591,14.851,-0.079
1481,14.8626,-0.0799024,-1.54591,14.851,-0.079
1482,14.8626,-0.0799024,-1.54591,14.851,-0.079
1483,14.8618,-0.101201,-1.54905,14.851,-0.099
1484,14.8618,-0.101201,-1.54905,14.851,-0.099
1485,14.8618,-0.101201,-1.54905,14.851,-0.099
1486,14.8618,-0.101201,-1.54905,14.851,-0.099
1487,14.8643,-0.12243,-1.5515,14.851,-0.119
1488,14.8643,-0.12243,-1.5515,14.851,-0.119
1489,14.8643,-0.12243,-1.5515,14.851,-0.119
1490,14.8643,-0.12243,-1.5515,14.851,-0.119
1491,14.8643,-0.12243,-1.5515,14.851,-0.119
1492,14.8643,-0.12243,-1.5515,14.851,-0.119
1493,14.8643,-0.12243,-1.5515,14.851,-0.119
1494,14.8623,-0.142936,-1.55403,14.851,-0.139
1495,14.8623,-0.142936,-1.55403,14.851,-0.139
1496,14.8623,-0.142936,-1.55403,14.851,-0.139
1497,14.8623,-0.142936,-1.55403,14.851,-0.139
1498,14.8654,-0.163941,-1.55642,14.851,-0.159
1499,14.8654,-0.163941,-1.55642,14.851,-0.159
1500,14.8654,-0.163941,-1.55642,14.851,-0.159
1501,14.8654,-0.163941,-1.55642,14.851,-0.159
1502,14.8654,-0.163941,-1.55642,14.851,-0.159
1503,14.8654,-0.163941,-1.55642,14.851,-0.159
1504,14.8652,-0.184061,-1.55863,14.851,-0.189
1505,14.8652,-0.184061,-1.55863,14.851,-0.189
1506,14.8652,-0.184061,-1.55863,14.851,-0.189
1507,14.8652,-0.184061,-1.55863,14.851,-0.189
1508,14.8654,-0.204576,-1.56076,14.851,-0.209
1509,14.8654,-0.204576,-1.56076,14.851,-0.209
1510,14.8654,-0.204576,-1.56076,14.851,-0.209
1511,14.8654,-0.204576,-1.56076,14.851,-0.209
1512,14.8654,-0.204576,-1.56076,14.851,-0.209
1513,14.8654,-0.204576,-1.56076,14.851,-0.209
1514,14.8654,-0.204576,-1.56076,14.851,-0.209
1515,14.8655,-0.226679,-1.56401,14.851,-0.229
1516,14.8655,-0.226679,-1.56401,14.851,-0.229
1517,14.8655,-0.226679,-1.56401,14.851,-0.229
1518,14.8655,-0.226679,-1.56401,14.851,-0.229
1519,14.8633,-0.245638,-1.56573,14.851,-0.249
1520,14.8633,-0.245638,-1.56573,14.851,-0.249
1521,14.8633,-0.245638,-1.56573,14.851,-0.249
1522,14.8633,-0.245638,-1.56573,14.851,-0.249
1523,14.8633,-0.245638,-1.56573,14.851,-0.249
1524,14.8651,-0.268118,-1.56807,14.851,-0.269
1525,14.8651,-0.268118,-1.56807,14.851,-0.269
1526,14.8651,-0.268118,-1.56807,14.851,-0.269
1527,14.8651,-0.268118,-1.56807,14.851,-0.269
1528,14.8651,-0.268118,-1.56807,14.851,-0.269
1529,14.8651,-0.268118,-1.56807,14.851,-0.269
1530,14.8661,-0.286455,-1.57019,14.851,-0.289
1531,14.8661,-0.286455,-1.57019,14.851,-0.289
1532,14.8661,-0.286455,-1.57019,14.851,-0.289
1533,14.8661,-0.286455,-1.57019,14.851,-0.289
1534,14.8641,-0.308175,-1.57249,14.851,-0.309
1535,14.8641,-0.308175,-1.57249,14.851,-0.309
1536,14.8641,-0.308175,-1.57249,14.851,-0.309
1537,14.8641,-0.308175,-1.57249,14.851,-0.309
1538,14.8641,-0.308175,-1.57249,14.851,-0.309
1539,14.8594,-0.327389,-1.57373,14.851,-0.329
1540,14.8594,-0.327389,-1.57373,14.851,-0.329
1541,14.8594,-0.327389,-1.57373,14.851,-0.329
1542,14.8594,-0.327389,-1.57373,14.851,-0.329
1543,14.8594,-0.327389,-1.57373,14.851,-0.329
1544,14.8603,-0.349413,-1.57575,14.851,-0.349
1545,14.8603,-0.349413,-1.57575,14.851,-0.349
1546,14.8603,-0.349413,-1.57575,14.851,-0.349
1547,14.8603,-0.349413,-1.57575,14.851,-0.349
1548,14.8603,-0.349413,-1.57575,14.851,-0.349
1549,14.8603,-0.349413,-1.57575,14.851,-0.349
1550,14.8624,-0.369687,-1.57754,14.851,-0.369
1551,14.8624,-0.369687,-1.57754,14.851,-0.369
1552,14.8624,-0.369687,-1.57754,14.851,-0.369
1553,14.8624,-0.369687,-1.57754,14.851,-0.369
1554,14.8624,-0.369687,-1.57754,14.851,-0.369
1555,14.8573,-0.389392,-1.57897,14.851,-0.389
1556,14.8573,-0.389392,-1.57897,14.851,-0.389
1557,14.8573,-0.389392,-1.57897,14.851,-0.389
1558,14.8573,-0.389392,-1.57897,14.851,-0.389
1559,14.8587,-0.410495,-1.58074,14.851,-0.409
1560,14.8587,-0.410495,-1.58074,14.851,-0.409
1561,14.8587,-0.410495,-1.58074,14.851,-0.409
1562,14.8587,-0.410495,-1.58074,14.851,-0.409
1563,14.8587,-0.410495,-1.58074,14.851,-0.409
1564,14.8587,-0.410495,-1.58074,14.851,-0.409
1565,14.8613,-0.431083,-1.58151,14.851,-0.429
1566,14.8613,-0.431083,-1.58151,14.851,-0.429
1567,14.8613,-0.431083,-1.58151,14.851,-0.429
1568,14.8613,-0.431083,-1.58151,14.851,-0.429
1569,14.8613,-0.431083,-1.58151,14.851,-0.429
1570,14.8553,-0.453182,-1.58227,14.851,-0.449
1571,14.8553,-0.453182,-1.58227,14.851,-0.449
1572,14.8553,-0.453182,-1.58227,14.851,-0.449
1573,14.8553,-0.453182,-1.58227,14.851,-0.449
1574,14.8553,-0.474027,-1.58328,14.851,-0.479
1575,14.8553,-0.474027,-1.58328,14.851,-0.479
1576,14.8553,-0.474027,-1.58328,14.851,-0.479
1577,14.8553,-0.474027,-1.58328,14.851,-0.479
1578,14.8553,-0.474027,-1.58328,14.851,-0.479
1579,14.8569,-0.495263,-1.5838,14.851,-0.499
1580,14.8569,-0.495263,-1.5838,14.851,-0.499
1581,14.8569,-0.495263,-1.5838,14.851,-0.499
1582,14.8569,-0.495263,-1.5838,14.851,-0.499
1583,14.8569,-0.495263,-1.5838,14.851,-0.499
1584,14.8569,-0.495263,-1.5838,14.851,-0.499
1585,14.8557,-0.515901,-1.58424,14.851,-0.519
1586,14.8557,-0.515901,-1.58424,14.851,-0.519
1587,14.8557,-0.515901,-1.58424,14.851,-0.519
1588,14.8557,-0.515901,-1.58424,14.851,-0.519
1589,14.8557,-0.515901,-1.58424,14.851,-0.519
1590,14.8534,-0.537659,-1.58504,14.851,-0.539
1591,14.8534,-0.537659,-1.58504,14.851,-0.539
1592,14.8534,-0.537659,-1.58504,14.851,-0.539
1593,14.8534,-0.537659,-1.58504,14.851,-0.539
1594,14.8586,-0.55848,-1.58628,14.851,-0.559
1595,14.8586,-0.55848,-1.58628,14.851,-0.559
1596,14.8586,-0.55848,-1.58628,14.851,-0.559
1597,14.8586,-0.55848,-1.58628,14.851,-0.559
1598,14.8586,-0.55848,-1.58628,14.851,-0.559
1599,14.8586,-0.55848,-1.58628,14.851,-0.559
1600,14.8586,-0.55848,-1.58628,14.851,-0.559
1601,14.8566,-0.57866,-1.58609,14.851,-0.579
1602,14.8566,-0.57866,-1.58609,14.851,-0.579
1603,14.8566,-0.57866,-1.58609,14.851,-0.579
1604,14.8566,-0.57866,-1.58609,14.851,-0.579
1605,14.8551,-0.603356,-1.58631,14.851,-0.599
1606,14.8551,-0.603356,-1.58631,14.851,-0.599
1607,14.8551,-0.603356,-1.58631,14.851,-0.599
1608,14.8551,-0.603356,-1.58631,14.851,-0.599
1609,14.8527,-0.618768,-1.58513,14.851,-0.619
1610,14.8527,-0.618768,-1.58513,14.851,-0.619
1611,14.8527,-0.618768,-1.58513,14.851,-0.619
1612,14.8527,-0.618768,-1.58513,14.851,-0.619
1613,14.8527,-0.618768,-1.58513,14.851,-0.619
1614,14.8527,-0.618768,-1.58513,14.851,-0.619
1615,14.8527,-0.618768,-1.58513,14.851,-0.619
1616,14.8539,-0.641836,-1.58629,14.851,-0.639
1617,14.8539,-0.641836,-1.58629,14.851,-0.639
1618,14.8539,-0.664938,-1.58661,14.851,-0.669
1619,14.8539,-0.664938,-1.58661,14.851,-0.669
1620,14.8539,-0.664938,-1.58661,14.851,-0.669
1621,14.8539,-0.664938,-1.58661,14.851,-0.669
1622,14.8539,-0.664938,-1.58661,14.851,-0.669
1623,14.8539,-0.664938,-1.58661,14.851,-0.669
1624,14.8505,-0.682401,-1.58554,14.851,-0.679
1625,14.8505,-0.682401,-1.58554,14.851,-0.679
1626,14.8505,-0.682401,-1.58554,14.851,-0.679
1627,14.8505,-0.682401,-1.58554,14.851,-0.679
1628,14.8559,-0.705041,-1.58695,14.851,-0.709
1629,14.8559,-0.705041,-1.58695,14.851,-0.709
1630,14.8559,-0.705041,-1.58695,14.851,-0.709
1631,14.8559,-0.705041,-1.58695,14.851,-0.709
1632,14.8559,-0.705041,-1.58695,14.851,-0.709
1633,14.8559,-0.705041,-1.58695,14.851,-0.709
1634,14.8559,-0.705041,-1.58695,14.851,-0.709
1635,14.8508,-0.724089,-1.58544,14.851,-0.729
1636,14.8508,-0.724089,-1.58544,14.851,-0.729
1637,14.8508,-0.724089,-1.58544,14.851,-0.729
1638,14.8508,-0.724089,-1.58544,14.851,-0.729
1639,14.8521,-0.743317,-1.58605,14.851,-0.739
1640,14.8521,-0.743317,-1.58605,14.851,-0.739
1641,14.8521,-0.743317,-1.58605,14.851,-0.739
1642,14.8521,-0.743317,-1.58605,14.851,-0.739
1643,14.8521,-0.743317,-1.58605,14.851,-0.739
1644,14.848,-0.760054,-1.58495,14.851,-0.759
1645,14.848,-0.760054,-1.58495,14.851,-0.759
1646,14.848,-0.760054,-1.58495,14.851,-0.759
1647,14.848,-0.760054,-1.58495,14.851,-0.759
1648,14.8523,-0.77495,-1.58582,14.851,-0.779
1649,14.8523,-0.77495,-1.58582,14.851,-0.779
1650,14.8523,-0.77495,-1.58582,14.851,-0.779
1651,14.8523,-0.77495,-1.58582,14.851,-0.779
1652,14.8523,-0.77495,-1.58582,14.851,-0.779
1653,14.8523,-0.77495,-1.58582,14.851,-0.779
1654,14.8498,-0.786681,-1.58517,14.851,-0.789
1655,14.8498,-0.786681,-1.58517,14.851,-0.789
1656,14.8498,-0.786681,-1.58517,14.851,-0.789
1657,14.8498,-0.786681,-1.58517,14.851,-0.789
1658,14.8498,-0.786681,-1.58517,14.851,-0.789
1659,14.8469,-0.79631,-1.58516,14.851,-0.799
1660,14.8469,-0.79631,-1.58516,14.851,-0.799
1661,14.8469,-0.79631,-1.58516,14.851,-0.799
1662,14.8469,-0.79631,-1.58516,14.851,-0.799
1663,14.8512,-0.803422,-1.58553,14.851,-0.799
1664,14.8512,-0.803422,-1.58553,14.851,-0.799
1665,14.8512,-0.803422,-1.58553,14.851,-0.799
1666,14.8512,-0.803422,-1.58553,14.851,-0.799
1667,14.8512,-0.803422,-1.58553,14.851,-0.799
1668,14.8512,-0.803422,-1.58553,14.851,-0.799
1669,14.8493,-0.806948,-1.58505,14.851,-0.809
1670,14.8493,-0.806948,-1.58505,14.851,-0.809
1671,14.8493,-0.806948,-1.58505,14.851,-0.809
1672,14.8493,-0.806948,-1.58505,14.851,-0.809
1673,14.8493,-0.806948,-1.58505,14.851,-0.809
1674,14.8496,-0.810929,-1.58547,14.851,-0.809
1675,14.8496,-0.810929,-1.58547,14.851,-0.809
1676,14.8496,-0.810929,-1.58547,14.851,-0.809
1677,14.8496,-0.810929,-1.58547,14.851,-0.809
1678,14.8486,-0.813998,-1.58525,14.851,-0.809
1679,14.8486,-0.813998,-1.58525,14.851,-0.809
1680,14.8486,-0.813998,-1.58525,14.851,-0.809
1681,14.8486,-0.813998,-1.58525,14.851,-0.809
1682,14.8486,-0.813998,-1.58525,14.851,-0.809
1683,14.8486,-0.813998,-1.58525,14.851,-0.809
1684,14.8485,-0.817337,-1.58516,14.851,-0.819
