0,10.0254,3.18721,0.0201355,10.03,3.14
1,10.0254,3.18721,0.0201355,10.03,3.14
2,10.0254,3.18721,0.0201355,10.03,3.14
3,10.0254,3.18721,0.0201355,10.03,3.14
4,10.0254,3.18721,0.0201355,10.03,3.14
5,10.0238,3.18888,0.0205591,10.02,3.14
6,10.0238,3.18888,0.0205591,10.02,3.14
7,10.0238,3.18888,0.0205591,10.02,3.14
8,10.0238,3.18888,0.0205591,10.02,3.14
9,10.0238,3.18888,0.0205591,10.02,3.14
10,10.024,3.18745,0.0203184,10.02,3.14
11,10.024,3.18745,0.0203184,10.02,3.14
12,10.024,3.18745,0.0203184,10.02,3.14
13,10.024,3.18745,0.0203184,10.02,3.14
14,10.019,3.18753,0.0205529,10.02,3.14
15,10.019,3.18753,0.0205529,10.02,3.14
16,10.019,3.18753,0.0205529,10.02,3.14
17,10.019,3.18753,0.0205529,10.02,3.14
18,10.019,3.18753,0.0205529,10.02,3.14
19,10.019,3.18753,0.0205529,10.02,3.14
20,10.0228,3.18817,0.0205082,10.02,3.14
21,10.0228,3.18817,0.0205082,10.02,3.14
22,10.0228,3.18817,0.0205082,10.02,3.14
23,10.0228,3.18817,0.0205082,10.02,3.14
24,10.0228,3.18817,0.0205082,10.02,3.14
25,10.0189,3.18854,0.0205065,10.02,3.14
26,10.0189,3.18854,0.0205065,10.02,3.14
27,10.0189,3.18854,0.0205065,10.02,3.14
28,10.0189,3.18854,0.0205065,10.02,3.14
29,10.0189,3.18854,0.0205065,10.02,3.14
30,10.0219,3.18507,0.019748,10.02,3.14
31,10.0219,3.18507,0.019748,10.02,3.14
32,10.0219,3.18507,0.019748,10.02,3.14
33,10.0219,3.18507,0.019748,10.02,3.14
34,10.0219,3.18507,0.019748,10.02,3.14
35,10.0295,3.18473,0.0195881,10.03,3.14
36,10.0295,3.18473,0.0195881,10.03,3.14
37,10.0295,3.18473,0.0195881,10.03,3.14
38,10.0295,3.18473,0.0195881,10.03,3.14
39,10.0295,3.18473,0.0195881,10.03,3.14
40,10.0277,3.18695,0.0192469,10.03,3.14
41,10.0277,3.18695,0.0192469,10.03,3.14
42,10.0277,3.18695,0.0192469,10.03,3.14
43,10.0277,3.18695,0.0192469,10.03,3.14
44,10.0277,3.18695,0.0192469,10.03,3.14
45,10.0392,3.19023,0.0191229,10.04,3.14
46,10.0392,3.19023,0.0191229,10.04,3.14
47,10.0392,3.19023,0.0191229,10.04,3.14
48,10.0392,3.19023,0.0191229,10.04,3.14
49,10.0392,3.19023,0.0191229,10.04,3.14
50,10.0388,3.18706,0.0177307,10.04,3.14
51,10.0388,3.18706,0.0177307,10.04,3.14
52,10.0388,3.18706,0.0177307,10.04,3.14
53,10.0388,3.18706,0.0177307,10.04,3.14
54,10.0388,3.18706,0.0177307,10.04,3.14
55,10.0524,3.18827,0.0161863,10.05,3.14
56,10.0524,3.18827,0.0161863,10.05,3.14
57,10.0524,3.18827,0.0161863,10.05,3.14
58,10.0524,3.18827,0.0161863,10.05,3.14
59,10.0691,3.18708,0.0140032,10.07,3.14
60,10.0691,3.18708,0.0140032,10.07,3.14
61,10.0691,3.18708,0.0140032,10.07,3.14
62,10.0691,3.18708,0.0140032,10.07,3.14
63,10.0691,3.18708,0.0140032,10.07,3.14
64,10.0691,3.18708,0.0140032,10.07,3.14
65,10.0727,3.18674,0.011999,10.07,3.14
66,10.0727,3.18674,0.011999,10.07,3.14
67,10.0727,3.18674,0.011999,10.07,3.14
68,10.0727,3.18674,0.011999,10.07,3.14
69,10.0727,3.18674,0.011999,10.07,3.14
70,10.0959,3.18861,0.00988821,10.1,3.14
71,10.0959,3.18861,0.00988821,10.1,3.14
72,10.0959,3.18861,0.00988821,10.1,3.14
73,10.0959,3.18861,0.00988821,10.1,3.14
74,10.1127,3.18664,0.00687624,10.11,3.14
75,10.1127,3.18664,0.00687624,10.11,3.14
76,10.1127,3.18664,0.00687624,10.11,3.14
77,10.1127,3.18664,0.00687624,10.11,3.14
78,10.1127,3.18664,0.00687624,10.11,3.14
79,10.1127,3.18664,0.00687624,10.11,3.14
80,10.1334,3.18641,0.00427244,10.13,3.14
81,10.1334,3.18641,0.00427244,10.13,3.14
82,10.1334,3.18641,0.00427244,10.13,3.14
83,10.1334,3.18641,0.00427244,10.13,3.14
84,10.1334,3.18641,0.00427244,10.13,3.14
85,10.1593,3.18734,0.00167857,10.16,3.14
86,10.1593,3.18734,0.00167857,10.16,3.14
87,10.1593,3.18734,0.00167857,10.16,3.14
88,10.1593,3.18734,0.00167857,10.16,3.14
89,10.1783,3.18697,-0.00239866,10.18,3.14
90,10.1783,3.18697,-0.00239866,10.18,3.14
91,10.1783,3.18697,-0.00239866,10.18,3.14
92,10.1783,3.18697,-0.00239866,10.18,3.14
93,10.1783,3.18697,-0.00239866,10.18,3.14
94,10.2029,3.18578,-0.00613691,10.2,3.14
95,10.2029,3.18578,-0.00613691,10.2,3.14
96,10.2029,3.18578,-0.00613691,10.2,3.14
97,10.2029,3.18578,-0.00613691,10.2,3.14
98,10.2029,3.18578,-0.00613691,10.2,3.14
99,10.2277,3.18597,-0.00924909,10.23,3.14
100,10.2277,3.18597,-0.00924909,10.23,3.14
101,10.2277,3.18597,-0.00924909,10.23,3.14
102,10.2277,3.18597,-0.00924909,10.23,3.14
103,10.2277,3.18597,-0.00924909,10.23,3.14
104,10.2277,3.18597,-0.00924909,10.23,3.14
105,10.2594,3.18175,-0.0129568,10.26,3.14
106,10.2594,3.18175,-0.0129568,10.26,3.14
107,10.2594,3.18175,-0.0129568,10.26,3.14
108,10.2594,3.18175,-0.0129568,10.26,3.14
109,10.2594,3.18175,-0.0129568,10.26,3.14
110,10.2931,3.1774,-0.0159578,10.29,3.14
111,10.2931,3.1774,-0.0159578,10.29,3.14
112,10.2931,3.1774,-0.0159578,10.29,3.14
113,10.2931,3.1774,-0.0159578,10.29,3.14
114,10.3267,3.17263,-0.0191253,10.33,3.14
115,10.3267,3.17263,-0.0191253,10.33,3.14
116,10.3267,3.17263,-0.0191253,10.33,3.14
117,10.3267,3.17263,-0.0191253,10.33,3.14
118,10.3267,3.17263,-0.0191253,10.33,3.14
119,10.3504,3.17179,-0.0219433,10.35,3.14
120,10.3504,3.17179,-0.0219433,10.35,3.14
121,10.3504,3.17179,-0.0219433,10.35,3.14
122,10.3504,3.17179,-0.0219433,10.35,3.14
123,10.3504,3.17179,-0.0219433,10.35,3.14
124,10.3876,3.16801,-0.0240474,10.39,3.14
125,10.3876,3.16801,-0.0240474,10.39,3.14
126,10.3876,3.16801,-0.0240474,10.39,3.14
127,10.3876,3.16801,-0.0240474,10.39,3.14
128,10.3876,3.16801,-0.0240474,10.39,3.14
129,10.4237,3.16192,-0.0267444,10.42,3.14
130,10.4237,3.16192,-0.0267444,10.42,3.14
131,10.4237,3.16192,-0.0267444,10.42,3.14
132,10.4237,3.16192,-0.0267444,10.42,3.14
133,10.4237,3.16192,-0.0267444,10.42,3.14
134,10.457,3.1618,-0.0282284,10.46,3.14
135,10.457,3.1618,-0.0282284,10.46,3.14
136,10.457,3.1618,-0.0282284,10.46,3.14
137,10.457,3.1618,-0.0282284,10.46,3.14
138,10.457,3.1618,-0.0282284,10.46,3.14
139,10.4849,3.15459,-0.0294841,10.48,3.14
140,10.4849,3.15459,-0.0294841,10.48,3.14
141,10.4849,3.15459,-0.0294841,10.48,3.14
142,10.4849,3.15459,-0.0294841,10.48,3.14
143,10.4849,3.15459,-0.0294841,10.48,3.14
144,10.5227,3.14764,-0.0302454,10.52,3.14
145,10.5227,3.14764,-0.0302454,10.52,3.14
146,10.5227,3.14764,-0.0302454,10.52,3.14
147,10.5227,3.14764,-0.0302454,10.52,3.14
148,10.5227,3.14764,-0.0302454,10.52,3.14
149,10.5531,3.14569,-0.030359,10.55,3.14
150,10.5531,3.14569,-0.030359,10.55,3.14
151,10.5531,3.14569,-0.030359,10.55,3.14
152,10.5531,3.14569,-0.030359,10.55,3.14
153,10.5531,3.14569,-0.030359,10.55,3.14
154,10.5869,3.1396,-0.0308109,10.59,3.14
155,10.5869,3.1396,-0.0308109,10.59,3.14
156,10.5869,3.1396,-0.0308109,10.59,3.14
157,10.5869,3.1396,-0.0308109,10.59,3.14
158,10.5869,3.1396,-0.0308109,10.59,3.14
159,10.6207,3.13564,-0.0301587,10.62,3.14
160,10.6207,3.13564,-0.0301587,10.62,3.14
161,10.6207,3.13564,-0.0301587,10.62,3.14
162,10.6207,3.13564,-0.0301587,10.62,3.14
163,10.6207,3.13564,-0.0301587,10.62,3.14
164,10.6207,3.13564,-0.0301587,10.62,3.14
165,10.6515,3.13525,-0.0293883,10.65,3.14
166,10.6515,3.13525,-0.0293883,10.65,3.14
167,10.6515,3.13525,-0.0293883,10.65,3.14
168,10.6515,3.13525,-0.0293883,10.65,3.14
169,10.6804,3.1314,-0.0285018,10.68,3.14
170,10.6804,3.1314,-0.0285018,10.68,3.14
171,10.6804,3.1314,-0.0285018,10.68,3.14
172,10.6804,3.1314,-0.0285018,10.68,3.14
173,10.6804,3.1314,-0.0285018,10.68,3.14
174,10.6804,3.1314,-0.0285018,10.68,3.14
175,10.6804,3.1314,-0.0285018,10.68,3.14
176,10.7171,3.12746,-0.0276667,10.72,3.14
177,10.7171,3.12746,-0.0276667,10.72,3.14
178,10.7171,3.12746,-0.0276667,10.72,3.14
179,10.7171,3.12746,-0.0276667,10.72,3.14
180,10.7492,3.12746,-0.0260233,10.75,3.14
181,10.7492,3.12746,-0.0260233,10.75,3.14
182,10.7492,3.12746,-0.0260233,10.75,3.14
183,10.7492,3.12746,-0.0260233,10.75,3.14
184,10.7844,3.12624,-0.0243111,10.78,3.14
185,10.7844,3.12624,-0.0243111,10.78,3.14
186,10.7844,3.12624,-0.0243111,10.78,3.14
187,10.7844,3.12624,-0.0243111,10.78,3.14
188,10.7844,3.12624,-0.0243111,10.78,3.14
189,10.7844,3.12624,-0.0243111,10.78,3.14
190,10.7844,3.12624,-0.0243111,10.78,3.14
191,10.809,3.12241,-0.022916,10.81,3.14
192,10.809,3.12241,-0.022916,10.81,3.14
193,10.809,3.12241,-0.022916,10.81,3.14
194,10.8456,3.12375,-0.020763,10.85,3.14
195,10.8456,3.12375,-0.020763,10.85,3.14
196,10.8456,3.12375,-0.020763,10.85,3.14
197,10.8456,3.12375,-0.020763,10.85,3.14
198,10.8456,3.12375,-0.020763,10.85,3.14
199,10.8456,3.12375,-0.020763,10.85,3.14
200,10.8456,3.12375,-0.020763,10.85,3.14
201,10.8752,3.11983,-0.0190465,10.88,3.14
202,10.8752,3.11983,-0.0190465,10.88,3.14
203,10.8752,3.11983,-0.0190465,10.88,3.14
204,10.8752,3.11983,-0.0190465,10.88,3.14
205,10.906,3.11811,-0.0171132,10.91,3.14
206,10.906,3.11811,-0.0171132,10.91,3.14
207,10.906,3.11811,-0.0171132,10.91,3.14
208,10.906,3.11811,-0.0171132,10.91,3.14
209,10.9376,3.11788,-0.0147193,10.94,3.14
210,10.9376,3.11788,-0.0147193,10.94,3.14
211,10.9376,3.11788,-0.0147193,10.94,3.14
212,10.9376,3.11788,-0.0147193,10.94,3.14
213,10.9376,3.11788,-0.0147193,10.94,3.14
214,10.9376,3.11788,-0.0147193,10.94,3.14
215,10.9376,3.11788,-0.0147193,10.94,3.14
216,10.9695,3.11554,-0.0124231,10.97,3.14
217,10.9695,3.11554,-0.0124231,10.97,3.14
218,10.9695,3.11554,-0.0124231,10.97,3.14
219,10.9695,3.11554,-0.0124231,10.97,3.14
220,11.0008,3.11525,-0.0099466,11,3.14
221,11.0008,3.11525,-0.0099466,11,3.14
222,11.0008,3.11525,-0.0099466,11,3.14
223,11.0008,3.11525,-0.0099466,11,3.14
224,11.0292,3.11324,-0.00723281,11.03,3.14
225,11.0292,3.11324,-0.00723281,11.03,3.14
226,11.0292,3.11324,-0.00723281,11.03,3.14
227,11.0292,3.11324,-0.00723281,11.03,3.14
228,11.0292,3.11324,-0.00723281,11.03,3.14
229,11.0292,3.11324,-0.00723281,11.03,3.14
230,11.0292,3.11324,-0.00723281,11.03,3.14
231,11.063,3.11244,-0.00436607,11.06,3.14
232,11.063,3.11244,-0.00436607,11.06,3.14
233,11.063,3.11244,-0.00436607,11.06,3.14
234,11.063,3.11244,-0.00436607,11.06,3.14
235,11.0915,3.10988,-0.00165999,11.09,3.14
236,11.0915,3.10988,-0.00165999,11.09,3.14
237,11.0915,3.10988,-0.00165999,11.09,3.14
238,11.0915,3.10988,-0.00165999,11.09,3.14
239,11.1229,3.11221,0.00150549,11.12,3.14
240,11.1229,3.11221,0.00150549,11.12,3.14
241,11.1229,3.11221,0.00150549,11.12,3.14
242,11.1229,3.11221,0.00150549,11.12,3.14
243,11.1229,3.11221,0.00150549,11.12,3.14
244,11.1229,3.11221,0.00150549,11.12,3.14
245,11.1229,3.11221,0.00150549,11.12,3.14
246,11.1528,3.1117,0.00422136,11.15,3.14
247,11.1528,3.1117,0.00422136,11.15,3.14
248,11.1528,3.1117,0.00422136,11.15,3.14
249,11.1528,3.1117,0.00422136,11.15,3.14
250,11.1839,3.11294,0.00719142,11.18,3.14
251,11.1839,3.11294,0.00719142,11.18,3.14
252,11.1839,3.11294,0.00719142,11.18,3.14
253,11.1839,3.11294,0.00719142,11.18,3.14
254,11.1839,3.11294,0.00719142,11.18,3.14
255,11.2122,3.11207,0.00986415,11.21,3.14
256,11.2122,3.11207,0.00986415,11.21,3.14
257,11.2122,3.11207,0.00986415,11.21,3.14
258,11.2122,3.11207,0.00986415,11.21,3.14
259,11.2122,3.11207,0.00986415,11.21,3.14
260,11.2122,3.11207,0.00986415,11.21,3.14
261,11.2404,3.11525,0.0133738,11.24,3.14
262,11.2404,3.11525,0.0133738,11.24,3.14
263,11.2404,3.11525,0.0133738,11.24,3.14
264,11.2404,3.11525,0.0133738,11.24,3.14
265,11.2722,3.11374,0.0152462,11.27,3.14
266,11.2722,3.11374,0.0152462,11.27,3.14
267,11.2722,3.11374,0.0152462,11.27,3.14
268,11.2722,3.11374,0.0152462,11.27,3.14
269,11.3032,3.11605,0.0175494,11.3,3.14
270,11.3032,3.11605,0.0175494,11.3,3.14
271,11.3032,3.11605,0.0175494,11.3,3.14
272,11.3032,3.11605,0.0175494,11.3,3.14
273,11.3032,3.11605,0.0175494,11.3,3.14
274,11.3032,3.11605,0.0175494,11.3,3.14
275,11.3032,3.11605,0.0175494,11.3,3.14
276,11.3351,3.1149,0.0191464,11.34,3.14
277,11.3351,3.1149,0.0191464,11.34,3.14
278,11.3351,3.1149,0.0191464,11.34,3.14
279,11.3351,3.1149,0.0191464,11.34,3.14
280,11.3628,3.11488,0.0208408,11.36,3.14
281,11.3628,3.11488,0.0208408,11.36,3.14
282,11.3628,3.11488,0.0208408,11.36,3.14
283,11.3628,3.11488,0.0208408,11.36,3.14
284,11.3628,3.11488,0.0208408,11.36,3.14
285,11.3958,3.11344,0.0219945,11.4,3.14
286,11.3958,3.11344,0.0219945,11.4,3.14
287,11.3958,3.11344,0.0219945,11.4,3.14
288,11.3958,3.11344,0.0219945,11.4,3.14
289,11.3958,3.11344,0.0219945,11.4,3.14
290,11.3958,3.11344,0.0219945,11.4,3.14
291,11.4249,3.11497,0.0235467,11.42,3.14
292,11.4249,3.11497,0.0235467,11.42,3.14
293,11.4249,3.11497,0.0235467,11.42,3.14
294,11.4249,3.11497,0.0235467,11.42,3.14
295,11.4249,3.11497,0.0235467,11.42,3.14
296,11.4536,3.11618,0.0250124,11.45,3.14
297,11.4536,3.11618,0.0250124,11.45,3.14
298,11.4536,3.11618,0.0250124,11.45,3.14
299,11.4536,3.11618,0.0250124,11.45,3.14
300,11.4862,3.11776,0.0260235,11.49,3.14
301,11.4862,3.11776,0.0260235,11.49,3.14
302,11.4862,3.11776,0.0260235,11.49,3.14
303,11.4862,3.11776,0.0260235,11.49,3.14
304,11.4862,3.11776,0.0260235,11.49,3.14
305,11.4862,3.11776,0.0260235,11.49,3.14
306,11.521,3.11551,0.0263223,11.52,3.14
307,11.521,3.11551,0.0263223,11.52,3.14
308,11.521,3.11551,0.0263223,11.52,3.14
309,11.521,3.11551,0.0263223,11.52,3.14
310,11.5544,3.11871,0.0273928,11.55,3.14
311,11.5544,3.11871,0.0273928,11.55,3.14
312,11.5544,3.11871,0.0273928,11.55,3.14
313,11.5544,3.11871,0.0273928,11.55,3.14
314,11.5544,3.11871,0.0273928,11.55,3.14
315,11.5861,3.11891,0.0282034,11.59,3.14
316,11.5861,3.11891,0.0282034,11.59,3.14
317,11.5861,3.11891,0.0282034,11.59,3.14
318,11.5861,3.11891,0.0282034,11.59,3.14
319,11.5861,3.11891,0.0282034,11.59,3.14
320,11.5861,3.11891,0.0282034,11.59,3.14
321,11.619,3.11864,0.0281937,11.62,3.14
322,11.619,3.11864,0.0281937,11.62,3.14
323,11.619,3.11864,0.0281937,11.62,3.14
324,11.619,3.11864,0.0281937,11.62,3.14
325,11.619,3.11864,0.0281937,11.62,3.14
326,11.6491,3.11907,0.028603,11.65,3.14
327,11.6491,3.11907,0.028603,11.65,3.14
328,11.6491,3.11907,0.028603,11.65,3.14
329,11.6491,3.11907,0.028603,11.65,3.14
330,11.6491,3.11907,0.028603,11.65,3.14
331,11.685,3.11965,0.0284067,11.69,3.14
332,11.685,3.11965,0.0284067,11.69,3.14
333,11.685,3.11965,0.0284067,11.69,3.14
334,11.7086,3.12425,0.0292343,11.71,3.14
335,11.7086,3.12425,0.0292343,11.71,3.14
336,11.7086,3.12425,0.0292343,11.71,3.14
337,11.7086,3.12425,0.0292343,11.71,3.14
338,11.7086,3.12425,0.0292343,11.71,3.14
339,11.7086,3.12425,0.0292343,11.71,3.14
340,11.7397,3.12489,0.0289699,11.74,3.14
341,11.7397,3.12489,0.0289699,11.74,3.14
342,11.7397,3.12489,0.0289699,11.74,3.14
343,11.7397,3.12489,0.0289699,11.74,3.14
344,11.7397,3.12489,0.0289699,11.74,3.14
345,11.7397,3.12489,0.0289699,11.74,3.14
346,11.7764,3.12429,0.0287854,11.78,3.14
347,11.7764,3.12429,0.0287854,11.78,3.14
348,11.7764,3.12429,0.0287854,11.78,3.14
349,11.7799,3.1261,0.0291735,11.78,3.14
350,11.7799,3.1261,0.0291735,11.78,3.14
351,11.7799,3.1261,0.0291735,11.78,3.14
352,11.7799,3.1261,0.0291735,11.78,3.14
353,11.7799,3.1261,0.0291735,11.78,3.14
354,11.833,3.12491,0.0287599,11.83,3.14
355,11.833,3.12491,0.0287599,11.83,3.14
356,11.833,3.12491,0.0287599,11.83,3.14
357,11.833,3.12491,0.0287599,11.83,3.14
358,11.833,3.12491,0.0287599,11.83,3.14
359,11.833,3.12491,0.0287599,11.83,3.14
360,11.833,3.12491,0.0287599,11.83,3.14
361,11.8362,3.12814,0.0292129,11.84,3.14
362,11.8362,3.12814,0.0292129,11.84,3.14
363,11.8362,3.12814,0.0292129,11.84,3.14
364,11.8362,3.12814,0.0292129,11.84,3.14
365,11.8362,3.12814,0.0292129,11.84,3.14
366,11.8888,3.12466,0.0278885,11.89,3.14
367,11.8888,3.12466,0.0278885,11.89,3.14
368,11.8888,3.12466,0.0278885,11.89,3.14
369,11.8888,3.12466,0.0278885,11.89,3.14
370,11.9044,3.12701,0.0276992,11.9,3.14
371,11.9044,3.12701,0.0276992,11.9,3.14
372,11.9044,3.12701,0.0276992,11.9,3.14
373,11.9044,3.12701,0.0276992,11.9,3.14
374,11.9419,3.12683,0.0270253,11.94,3.14
375,11.9419,3.12683,0.0270253,11.94,3.14
376,11.9419,3.12683,0.0270253,11.94,3.14
377,11.9419,3.12683,0.0270253,11.94,3.14
378,11.9419,3.12683,0.0270253,11.94,3.14
379,11.9419,3.12683,0.0270253,11.94,3.14
380,11.9419,3.12683,0.0270253,11.94,3.14
381,11.9621,3.12622,0.0265119,11.96,3.14
382,11.9621,3.12622,0.0265119,11.96,3.14
383,11.9621,3.12622,0.0265119,11.96,3.14
384,11.9621,3.12622,0.0265119,11.96,3.14
385,11.9904,3.1275,0.0260397,11.99,3.14
386,11.9904,3.1275,0.0260397,11.99,3.14
387,11.9904,3.1275,0.0260397,11.99,3.14
388,11.9904,3.1275,0.0260397,11.99,3.14
389,11.9904,3.1275,0.0260397,11.99,3.14
390,12.0192,3.12964,0.0257988,12.02,3.14
391,12.0192,3.12964,0.0257988,12.02,3.14
392,12.0192,3.12964,0.0257988,12.02,3.14
393,12.0192,3.12964,0.0257988,12.02,3.14
394,12.0192,3.12964,0.0257988,12.02,3.14
395,12.0192,3.12964,0.0257988,12.02,3.14
396,12.0455,3.12805,0.0252193,12.05,3.14
397,12.0455,3.12805,0.0252193,12.05,3.14
398,12.0455,3.12805,0.0252193,12.05,3.14
399,12.0455,3.12805,0.0252193,12.05,3.14
400,12.0455,3.12805,0.0252193,12.05,3.14
401,12.0745,3.12983,0.024674,12.07,3.14
402,12.0745,3.12983,0.024674,12.07,3.14
403,12.0745,3.12983,0.024674,12.07,3.14
404,12.0745,3.12983,0.024674,12.07,3.14
405,12.1094,3.1288,0.0239029,12.11,3.14
406,12.1094,3.1288,0.0239029,12.11,3.14
407,12.1094,3.1288,0.0239029,12.11,3.14
408,12.1094,3.1288,0.0239029,12.11,3.14
409,12.1357,3.13174,0.0237307,12.14,3.14
410,12.1357,3.13174,0.0237307,12.14,3.14
411,12.1357,3.13174,0.0237307,12.14,3.14
412,12.1357,3.13174,0.0237307,12.14,3.14
413,12.1357,3.13174,0.0237307,12.14,3.14
414,12.1357,3.13174,0.0237307,12.14,3.14
415,12.1678,3.13292,0.0227604,12.17,3.14
416,12.1678,3.13292,0.0227604,12.17,3.14
417,12.1678,3.13292,0.0227604,12.17,3.14
418,12.1678,3.13292,0.0227604,12.17,3.14
419,12.1678,3.13292,0.0227604,12.17,3.14
420,12.2021,3.13261,0.021552,12.2,3.14
421,12.2021,3.13261,0.021552,12.2,3.14
422,12.2021,3.13261,0.021552,12.2,3.14
423,12.2021,3.13261,0.021552,12.2,3.14
424,12.2021,3.13261,0.021552,12.2,3.14
425,12.2021,3.13261,0.021552,12.2,3.14
426,12.2299,3.13703,0.0210501,12.23,3.14
427,12.2299,3.13703,0.0210501,12.23,3.14
428,12.2299,3.13703,0.0210501,12.23,3.14
429,12.2299,3.13703,0.0210501,12.23,3.14
430,12.2299,3.13703,0.0210501,12.23,3.14
431,12.2645,3.13609,0.0196162,12.26,3.14
432,12.2645,3.13609,0.0196162,12.26,3.14
433,12.2645,3.13609,0.0196162,12.26,3.14
434,12.2645,3.13609,0.0196162,12.26,3.14
435,12.2931,3.13776,0.0181981,12.29,3.14
436,12.2931,3.13776,0.0181981,12.29,3.14
437,12.2931,3.13776,0.0181981,12.29,3.14
438,12.2931,3.13776,0.0181981,12.29,3.14
439,12.2931,3.13776,0.0181981,12.29,3.14
440,12.2931,3.13776,0.0181981,12.29,3.14
441,12.2931,3.13776,0.0181981,12.29,3.14
442,12.328,3.13652,0.0160584,12.33,3.14
443,12.328,3.13652,0.0160584,12.33,3.14
444,12.328,3.13652,0.0160584,12.33,3.14
445,12.328,3.13652,0.0160584,12.33,3.14
446,12.3577,3.13633,0.0138214,12.36,3.14
447,12.3577,3.13633,0.0138214,12.36,3.14
448,12.3577,3.13633,0.0138214,12.36,3.14
449,12.389,3.13476,0.0116142,12.39,3.14
450,12.389,3.13476,0.0116142,12.39,3.14
451,12.389,3.13476,0.0116142,12.39,3.14
452,12.389,3.13476,0.0116142,12.39,3.14
453,12.389,3.13476,0.0116142,12.39,3.14
454,12.389,3.13476,0.0116142,12.39,3.14
455,12.389,3.13476,0.0116142,12.39,3.14
456,12.389,3.13476,0.0116142,12.39,3.14
457,12.417,3.13551,0.0090233,12.42,3.14
458,12.417,3.13551,0.0090233,12.42,3.14
459,12.417,3.13551,0.0090233,12.42,3.14
460,12.417,3.13551,0.0090233,12.42,3.14
461,12.4495,3.13403,0.00593158,12.45,3.14
462,12.4495,3.13403,0.00593158,12.45,3.14
463,12.4495,3.13403,0.00593158,12.45,3.14
464,12.4806,3.13197,0.00263516,12.48,3.14
465,12.4806,3.13197,0.00263516,12.48,3.14
466,12.4806,3.13197,0.00263516,12.48,3.14
467,12.4806,3.13197,0.00263516,12.48,3.14
468,12.4806,3.13197,0.00263516,12.48,3.14
469,12.4806,3.13197,0.00263516,12.48,3.14
470,12.4806,3.13197,0.00263516,12.48,3.14
471,12.4806,3.13197,0.00263516,12.48,3.14
472,12.5165,3.13072,-0.000726091,12.52,3.14
473,12.5165,3.13072,-0.000726091,12.52,3.14
474,12.5165,3.13072,-0.000726091,12.52,3.14
475,12.5165,3.13072,-0.000726091,12.52,3.14
476,12.5448,3.13021,-0.00412474,12.54,3.14
477,12.5448,3.13021,-0.00412474,12.54,3.14
478,12.5448,3.13021,-0.00412474,12.54,3.14
479,12.5448,3.13021,-0.00412474,12.54,3.14
480,12.5726,3.13078,-0.00754921,12.57,3.14
481,12.5726,3.13078,-0.00754921,12.57,3.14
482,12.5726,3.13078,-0.00754921,12.57,3.14
483,12.5726,3.13078,-0.00754921,12.57,3.14
484,12.5726,3.13078,-0.00754921,12.57,3.14
485,12.5726,3.13078,-0.00754921,12.57,3.14
486,12.6069,3.12876,-0.01144,12.61,3.14
487,12.6069,3.12876,-0.01144,12.61,3.14
488,12.6069,3.12876,-0.01144,12.61,3.14
489,12.6069,3.12876,-0.01144,12.61,3.14
490,12.6069,3.12876,-0.01144,12.61,3.14
491,12.6375,3.12861,-0.0149986,12.64,3.14
492,12.6375,3.12861,-0.0149986,12.64,3.14
493,12.6375,3.12861,-0.0149986,12.64,3.14
494,12.6375,3.12861,-0.0149986,12.64,3.14
495,12.6683,3.12687,-0.0191389,12.67,3.14
496,12.6683,3.12687,-0.0191389,12.67,3.14
497,12.6683,3.12687,-0.0191389,12.67,3.14
498,12.6683,3.12687,-0.0191389,12.67,3.14
499,12.6683,3.12687,-0.0191389,12.67,3.14
500,12.7007,3.12683,-0.0232352,12.7,3.14
501,12.7007,3.12683,-0.0232352,12.7,3.14
502,12.7007,3.12683,-0.0232352,12.7,3.14
503,12.7007,3.12683,-0.0232352,12.7,3.14
504,12.7007,3.12683,-0.0232352,12.7,3.14
505,12.7309,3.12277,-0.0277424,12.73,3.14
506,12.7309,3.12277,-0.0277424,12.73,3.14
507,12.7309,3.12277,-0.0277424,12.73,3.14
508,12.7309,3.12277,-0.0277424,12.73,3.14
509,12.7309,3.12277,-0.0277424,12.73,3.14
510,12.763,3.12152,-0.0320537,12.76,3.14
511,12.763,3.12152,-0.0320537,12.76,3.14
512,12.763,3.12152,-0.0320537,12.76,3.14
513,12.763,3.12152,-0.0320537,12.76,3.14
514,12.763,3.12152,-0.0320537,12.76,3.14
515,12.763,3.12152,-0.0320537,12.76,3.14
516,12.7943,3.11733,-0.0372647,12.79,3.14
517,12.7943,3.11733,-0.0372647,12.79,3.14
518,12.7943,3.11733,-0.0372647,12.79,3.14
519,12.7943,3.11733,-0.0372647,12.79,3.14
520,12.7943,3.11733,-0.0372647,12.79,3.14
521,12.8221,3.11492,-0.0419463,12.82,3.14
522,12.853,3.1146,-0.0462529,12.85,3.13999
523,12.853,3.1146,-0.0462529,12.85,3.13999
524,12.853,3.1146,-0.0462529,12.85,3.13999
525,12.853,3.1146,-0.0462529,12.85,3.13999
526,12.853,3.1146,-0.0462529,12.85,3.13999
527,12.853,3.1146,-0.0462529,12.85,3.13999
528,12.8816,3.10984,-0.0513008,12.88,3.1398
529,12.8816,3.10984,-0.0513008,12.88,3.1398
530,12.8816,3.10984,-0.0513008,12.88,3.1398
531,12.8816,3.10984,-0.0513008,12.88,3.1398
532,12.9081,3.10913,-0.0559352,12.9099,3.13939
533,12.9081,3.10913,-0.0559352,12.9099,3.13939
534,12.9081,3.10913,-0.0559352,12.9099,3.13939
535,12.9081,3.10913,-0.0559352,12.9099,3.13939
536,12.9081,3.10913,-0.0559352,12.9099,3.13939
537,12.9081,3.10913,-0.0559352,12.9099,3.13939
538,12.9081,3.10913,-0.0559352,12.9099,3.13939
539,12.9375,3.1073,-0.0605918,12.9399,3.13874
540,12.9375,3.1073,-0.0605918,12.9399,3.13874
541,12.9375,3.1073,-0.0605918,12.9399,3.13874
542,12.9375,3.1073,-0.0605918,12.9399,3.13874
543,12.9628,3.10416,-0.0656313,12.9598,3.13818
544,12.9628,3.10416,-0.0656313,12.9598,3.13818
545,12.9628,3.10416,-0.0656313,12.9598,3.13818
546,12.9628,3.10416,-0.0656313,12.9598,3.13818
547,12.986,3.10095,-0.0706027,12.9898,3.13714
548,12.986,3.10095,-0.0706027,12.9898,3.13714
549,12.986,3.10095,-0.0706027,12.9898,3.13714
550,12.986,3.10095,-0.0706027,12.9898,3.13714
551,13.0159,3.09929,-0.0758248,13.0197,3.13584
552,13.0159,3.09929,-0.0758248,13.0197,3.13584
553,13.0159,3.09929,-0.0758248,13.0197,3.13584
554,13.0159,3.09929,-0.0758248,13.0197,3.13584
555,13.0159,3.09929,-0.0758248,13.0197,3.13584
556,13.0159,3.09929,-0.0758248,13.0197,3.13584
557,13.0159,3.09929,-0.0758248,13.0197,3.13584
558,13.0396,3.09483,-0.0823263,13.0397,3.13484
559,13.0396,3.09483,-0.0823263,13.0397,3.13484
560,13.0396,3.09483,-0.0823263,13.0397,3.13484
561,13.0396,3.09483,-0.0823263,13.0397,3.13484
562,13.0694,3.09227,-0.0886802,13.0696,3.13313
563,13.0694,3.09227,-0.0886802,13.0696,3.13313
564,13.0694,3.09227,-0.0886802,13.0696,3.13313
565,13.0694,3.09227,-0.0886802,13.0696,3.13313
566,13.0694,3.09227,-0.0886802,13.0696,3.13313
567,13.0694,3.09227,-0.0886802,13.0696,3.13313
568,13.0694,3.09227,-0.0886802,13.0696,3.13313
569,13.0925,3.08549,-0.0959354,13.0995,3.13115
570,13.0925,3.08549,-0.0959354,13.0995,3.13115
571,13.0925,3.08549,-0.0959354,13.0995,3.13115
572,13.0925,3.08549,-0.0959354,13.0995,3.13115
573,13.1225,3.08017,-0.103384,13.1293,3.1289
574,13.1225,3.08017,-0.103384,13.1293,3.1289
575,13.1225,3.08017,-0.103384,13.1293,3.1289
576,13.1225,3.08017,-0.103384,13.1293,3.1289
577,13.1521,3.07821,-0.110657,13.1592,3.12637
578,13.1521,3.07821,-0.110657,13.1592,3.12637
579,13.1521,3.07821,-0.110657,13.1592,3.12637
580,13.1521,3.07821,-0.110657,13.1592,3.12637
581,13.1521,3.07821,-0.110657,13.1592,3.12637
582,13.1521,3.07821,-0.110657,13.1592,3.12637
583,13.1521,3.07821,-0.110657,13.1592,3.12637
584,13.1816,3.07582,-0.118589,13.189,3.12357
585,13.1816,3.07582,-0.118589,13.189,3.12357
586,13.1816,3.07582,-0.118589,13.189,3.12357
587,13.1816,3.07582,-0.118589,13.189,3.12357
588,13.208,3.07211,-0.126483,13.2089,3.12154
589,13.208,3.07211,-0.126483,13.2089,3.12154
590,13.208,3.07211,-0.126483,13.2089,3.12154
591,13.208,3.07211,-0.126483,13.2089,3.12154
592,13.2395,3.0695,-0.134364,13.2486,3.11709
593,13.2395,3.0695,-0.134364,13.2486,3.11709
594,13.2395,3.0695,-0.134364,13.2486,3.11709
595,13.2395,3.0695,-0.134364,13.2486,3.11709
596,13.2395,3.0695,-0.134364,13.2486,3.11709
597,13.2395,3.0695,-0.134364,13.2486,3.11709
598,13.2395,3.0695,-0.134364,13.2486,3.11709
599,13.2656,3.06588,-0.142687,13.2684,3.11466
600,13.2656,3.06588,-0.142687,13.2684,3.11466
601,13.2656,3.06588,-0.142687,13.2684,3.11466
602,13.2656,3.06588,-0.142687,13.2684,3.11466
603,13.294,3.06389,-0.151182,13.2981,3.11077
604,13.294,3.06389,-0.151182,13.2981,3.11077
605,13.294,3.06389,-0.151182,13.2981,3.11077
606,13.294,3.06389,-0.151182,13.2981,3.11077
607,13.3253,3.05887,-0.160493,13.3278,3.10656
608,13.3253,3.05887,-0.160493,13.3278,3.10656
609,13.3253,3.05887,-0.160493,13.3278,3.10656
610,13.3253,3.05887,-0.160493,13.3278,3.10656
611,13.3253,3.05887,-0.160493,13.3278,3.10656
612,13.3253,3.05887,-0.160493,13.3278,3.10656
613,13.3253,3.05887,-0.160493,13.3278,3.10656
614,13.3572,3.05288,-0.170068,13.3673,3.10045
615,13.3572,3.05288,-0.170068,13.3673,3.10045
616,13.3572,3.05288,-0.170068,13.3673,3.10045
617,13.3572,3.05288,-0.170068,13.3673,3.10045
618,13.3848,3.05028,-0.179508,13.3968,3.09549
619,13.3848,3.05028,-0.179508,13.3968,3.09549
620,13.3848,3.05028,-0.179508,13.3968,3.09549
621,13.3848,3.05028,-0.179508,13.3968,3.09549
622,13.3848,3.05028,-0.179508,13.3968,3.09549
623,13.4149,3.04277,-0.190615,13.4263,3.09018
624,13.4149,3.04277,-0.190615,13.4263,3.09018
625,13.4149,3.04277,-0.190615,13.4263,3.09018
626,13.4149,3.04277,-0.190615,13.4263,3.09018
627,13.4149,3.04277,-0.190615,13.4263,3.09018
628,13.4435,3.03801,-0.201239,13.4557,3.08453
629,13.4435,3.03801,-0.201239,13.4557,3.08453
630,13.4435,3.03801,-0.201239,13.4557,3.08453
631,13.4435,3.03801,-0.201239,13.4557,3.08453
632,13.4714,3.0326,-0.211926,13.4851,3.07853
633,13.4714,3.0326,-0.211926,13.4851,3.07853
634,13.4714,3.0326,-0.211926,13.4851,3.07853
635,13.4714,3.0326,-0.211926,13.4851,3.07853
636,13.4714,3.0326,-0.211926,13.4851,3.07853
637,13.4714,3.0326,-0.211926,13.4851,3.07853
638,13.4714,3.0326,-0.211926,13.4851,3.07853
639,13.502,3.02641,-0.222707,13.5144,3.07216
640,13.502,3.02641,-0.222707,13.5144,3.07216
641,13.502,3.02641,-0.222707,13.5144,3.07216
642,13.502,3.02641,-0.222707,13.5144,3.07216
643,13.5297,3.02152,-0.233819,13.5435,3.06542
644,13.5297,3.02152,-0.233819,13.5435,3.06542
645,13.5297,3.02152,-0.233819,13.5435,3.06542
646,13.5297,3.02152,-0.233819,13.5435,3.06542
647,13.5567,3.01356,-0.245538,13.5727,3.05831
648,13.5567,3.01356,-0.245538,13.5727,3.05831
649,13.5567,3.01356,-0.245538,13.5727,3.05831
650,13.5567,3.01356,-0.245538,13.5727,3.05831
651,13.5567,3.01356,-0.245538,13.5727,3.05831
652,13.5567,3.01356,-0.245538,13.5727,3.05831
653,13.5567,3.01356,-0.245538,13.5727,3.05831
654,13.5812,3.01012,-0.257068,13.592,3.05336
655,13.5812,3.01012,-0.257068,13.592,3.05336
656,13.5812,3.01012,-0.257068,13.592,3.05336
657,13.5812,3.01012,-0.257068,13.592,3.05336
658,13.6109,3.00143,-0.269695,13.6209,3.0456
659,13.6109,3.00143,-0.269695,13.6209,3.0456
660,13.6109,3.00143,-0.269695,13.6209,3.0456
661,13.6109,3.00143,-0.269695,13.6209,3.0456
662,13.6356,2.99504,-0.282376,13.6498,3.03744
663,13.6356,2.99504,-0.282376,13.6498,3.03744
664,13.6356,2.99504,-0.282376,13.6498,3.03744
665,13.6356,2.99504,-0.282376,13.6498,3.03744
666,13.6356,2.99504,-0.282376,13.6498,3.03744
667,13.6356,2.99504,-0.282376,13.6498,3.03744
668,13.6356,2.99504,-0.282376,13.6498,3.03744
669,13.6627,2.99051,-0.294591,13.6785,3.02888
670,13.6627,2.99051,-0.294591,13.6785,3.02888
671,13.6627,2.99051,-0.294591,13.6785,3.02888
672,13.6627,2.99051,-0.294591,13.6785,3.02888
673,13.6859,2.9846,-0.307408,13.6976,3.02294
674,13.6859,2.9846,-0.307408,13.6976,3.02294
675,13.6859,2.9846,-0.307408,13.6976,3.02294
676,13.6859,2.9846,-0.307408,13.6976,3.02294
677,13.7158,2.97784,-0.320384,13.726,3.01368
678,13.7158,2.97784,-0.320384,13.726,3.01368
679,13.7158,2.97784,-0.320384,13.726,3.01368
680,13.7158,2.97784,-0.320384,13.726,3.01368
681,13.7158,2.97784,-0.320384,13.726,3.01368
682,13.7434,2.97304,-0.333739,13.7544,3.00399
683,13.7434,2.97304,-0.333739,13.7544,3.00399
684,13.7434,2.97304,-0.333739,13.7544,3.00399
685,13.7434,2.97304,-0.333739,13.7544,3.00399
686,13.7674,2.96901,-0.346777,13.7732,2.99729
687,13.7674,2.96901,-0.346777,13.7732,2.99729
688,13.7674,2.96901,-0.346777,13.7732,2.99729
689,13.7674,2.96901,-0.346777,13.7732,2.99729
690,13.7674,2.96901,-0.346777,13.7732,2.99729
691,13.7674,2.96901,-0.346777,13.7732,2.99729
692,13.7674,2.96901,-0.346777,13.7732,2.99729
693,13.7835,2.96015,-0.360766,13.792,2.9904
694,13.7835,2.96015,-0.360766,13.792,2.9904
695,13.7835,2.96015,-0.360766,13.792,2.9904
696,13.7835,2.96015,-0.360766,13.792,2.9904
697,13.8103,2.9526,-0.375234,13.82,2.97968
698,13.8103,2.9526,-0.375234,13.82,2.97968
699,13.8103,2.9526,-0.375234,13.82,2.97968
700,13.8103,2.9526,-0.375234,13.82,2.97968
701,13.8103,2.9526,-0.375234,13.82,2.97968
702,13.8314,2.94566,-0.389794,13.8385,2.97229
703,13.8314,2.94566,-0.389794,13.8385,2.97229
704,13.8314,2.94566,-0.389794,13.8385,2.97229
705,13.8314,2.94566,-0.389794,13.8385,2.97229
706,13.8314,2.94566,-0.389794,13.8385,2.97229
707,13.8314,2.94566,-0.389794,13.8385,2.97229
708,13.8314,2.94566,-0.389794,13.8385,2.97229
709,13.8558,2.93879,-0.404219,13.8662,2.96082
710,13.8558,2.93879,-0.404219,13.8662,2.96082
711,13.8702,2.92941,-0.419543,13.8845,2.95291
712,13.8702,2.92941,-0.419543,13.8845,2.95291
713,13.8702,2.92941,-0.419543,13.8845,2.95291
714,13.8702,2.92941,-0.419543,13.8845,2.95291
715,13.8702,2.92941,-0.419543,13.8845,2.95291
716,13.8702,2.92941,-0.419543,13.8845,2.95291
717,13.8956,2.92035,-0.434198,13.9028,2.9448
718,13.8956,2.92035,-0.434198,13.9028,2.9448
719,13.8956,2.92035,-0.434198,13.9028,2.9448
720,13.8956,2.92035,-0.434198,13.9028,2.9448
721,13.9105,2.90668,-0.450118,13.921,2.93648
722,13.9105,2.90668,-0.450118,13.921,2.93648
723,13.9105,2.90668,-0.450118,13.921,2.93648
724,13.9105,2.90668,-0.450118,13.921,2.93648
725,13.9105,2.90668,-0.450118,13.921,2.93648
726,13.9105,2.90668,-0.450118,13.921,2.93648
727,13.9105,2.90668,-0.450118,13.921,2.93648
728,13.9342,2.89747,-0.464556,13.948,2.9236
729,13.9342,2.89747,-0.464556,13.948,2.9236
730,13.9342,2.89747,-0.464556,13.948,2.9236
731,13.9342,2.89747,-0.464556,13.948,2.9236
732,13.9559,2.88619,-0.478893,13.9659,2.91475
733,13.9559,2.88619,-0.478893,13.9659,2.91475
734,13.9559,2.88619,-0.478893,13.9659,2.91475
735,13.9559,2.88619,-0.478893,13.9659,2.91475
736,13.9559,2.88619,-0.478893,13.9659,2.91475
737,13.9736,2.87579,-0.49264,13.9837,2.90568
738,13.9736,2.87579,-0.49264,13.9837,2.90568
739,13.9736,2.87579,-0.49264,13.9837,2.90568
740,13.9736,2.87579,-0.49264,13.9837,2.90568
741,13.9934,2.86441,-0.506282,14.0102,2.89168
742,13.9934,2.86441,-0.506282,14.0102,2.89168
743,13.9934,2.86441,-0.506282,14.0102,2.89168
744,13.9934,2.86441,-0.506282,14.0102,2.89168
745,13.9934,2.86441,-0.506282,14.0102,2.89168
746,13.9934,2.86441,-0.506282,14.0102,2.89168
747,14.0133,2.85183,-0.520038,14.0278,2.88207
748,14.0133,2.85183,-0.520038,14.0278,2.88207
749,14.0133,2.85183,-0.520038,14.0278,2.88207
750,14.0133,2.85183,-0.520038,14.0278,2.88207
751,14.0133,2.85183,-0.520038,14.0278,2.88207
752,14.0304,2.8402,-0.535129,14.0452,2.87224
753,14.0304,2.8402,-0.535129,14.0452,2.87224
754,14.0304,2.8402,-0.535129,14.0452,2.87224
755,14.0304,2.8402,-0.535129,14.0452,2.87224
756,14.0304,2.8402,-0.535129,14.0452,2.87224
757,14.0304,2.8402,-0.535129,14.0452,2.87224
758,14.0505,2.83021,-0.549961,14.071,2.85709
759,14.0505,2.83021,-0.549961,14.071,2.85709
760,14.0505,2.83021,-0.549961,14.071,2.85709
761,14.0505,2.83021,-0.549961,14.071,2.85709
762,14.0651,2.81454,-0.564787,14.0881,2.84671
763,14.0651,2.81454,-0.564787,14.0881,2.84671
764,14.0651,2.81454,-0.564787,14.0881,2.84671
765,14.0651,2.81454,-0.564787,14.0881,2.84671
766,14.0651,2.81454,-0.564787,14.0881,2.84671
767,14.0793,2.79896,-0.580708,14.105,2.83611
768,14.0793,2.79896,-0.580708,14.105,2.83611
769,14.0793,2.79896,-0.580708,14.105,2.83611
770,14.0793,2.79896,-0.580708,14.105,2.83611
771,14.0793,2.79896,-0.580708,14.105,2.83611
772,14.0793,2.79896,-0.580708,14.105,2.83611
773,14.0983,2.78457,-0.596441,14.1218,2.82529
774,14.0983,2.78457,-0.596441,14.1218,2.82529
775,14.0983,2.78457,-0.596441,14.1218,2.82529
776,14.0983,2.78457,-0.596441,14.1218,2.82529
777,14.0983,2.78457,-0.596441,14.1218,2.82529
778,14.1174,2.77183,-0.611936,14.1468,2.80864
779,14.1174,2.77183,-0.611936,14.1468,2.80864
780,14.1174,2.77183,-0.611936,14.1468,2.80864
781,14.1174,2.77183,-0.611936,14.1468,2.80864
782,14.1174,2.77183,-0.611936,14.1468,2.80864
783,14.1174,2.77183,-0.611936,14.1468,2.80864
784,14.1376,2.7579,-0.627158,14.1632,2.79727
785,14.1376,2.7579,-0.627158,14.1632,2.79727
786,14.1562,2.7422,-0.642757,14.1876,2.77979
787,14.1562,2.7422,-0.642757,14.1876,2.77979
788,14.1562,2.7422,-0.642757,14.1876,2.77979
789,14.1562,2.7422,-0.642757,14.1876,2.77979
790,14.1562,2.7422,-0.642757,14.1876,2.77979
791,14.1562,2.7422,-0.642757,14.1876,2.77979
792,14.1797,2.72825,-0.65753,14.2036,2.76787
793,14.1797,2.72825,-0.65753,14.2036,2.76787
794,14.1797,2.72825,-0.65753,14.2036,2.76787
795,14.1797,2.72825,-0.65753,14.2036,2.76787
796,14.1797,2.72825,-0.65753,14.2036,2.76787
797,14.1797,2.72825,-0.65753,14.2036,2.76787
798,14.1892,2.71344,-0.672452,14.2195,2.75572
799,14.1892,2.71344,-0.672452,14.2195,2.75572
800,14.1892,2.71344,-0.672452,14.2195,2.75572
801,14.1892,2.71344,-0.672452,14.2195,2.75572
802,14.1892,2.71344,-0.672452,14.2195,2.75572
803,14.2059,2.69895,-0.686449,14.2352,2.74336
804,14.2059,2.69895,-0.686449,14.2352,2.74336
805,14.2059,2.69895,-0.686449,14.2352,2.74336
806,14.2059,2.69895,-0.686449,14.2352,2.74336
807,14.2128,2.68662,-0.700431,14.2507,2.73078
808,14.2128,2.68662,-0.700431,14.2507,2.73078
809,14.2128,2.68662,-0.700431,14.2507,2.73078
810,14.2128,2.68662,-0.700431,14.2507,2.73078
811,14.2128,2.68662,-0.700431,14.2507,2.73078
812,14.2128,2.68662,-0.700431,14.2507,2.73078
813,14.2128,2.68662,-0.700431,14.2507,2.73078
814,14.2376,2.67073,-0.714905,14.2737,2.7115
815,14.2376,2.67073,-0.714905,14.2737,2.7115
816,14.2376,2.67073,-0.714905,14.2737,2.7115
817,14.2376,2.67073,-0.714905,14.2737,2.7115
818,14.2558,2.65365,-0.72928,14.2888,2.69839
819,14.2558,2.65365,-0.72928,14.2888,2.69839
820,14.2558,2.65365,-0.72928,14.2888,2.69839
821,14.2788,2.64046,-0.743411,14.3111,2.67832
822,14.2788,2.64046,-0.743411,14.3111,2.67832
823,14.2788,2.64046,-0.743411,14.3111,2.67832
824,14.2788,2.64046,-0.743411,14.3111,2.67832
825,14.2788,2.64046,-0.743411,14.3111,2.67832
826,14.2788,2.64046,-0.743411,14.3111,2.67832
827,14.2788,2.64046,-0.743411,14.3111,2.67832
828,14.2788,2.64046,-0.743411,14.3111,2.67832
829,14.3026,2.62498,-0.757536,14.333,2.65778
830,14.3026,2.62498,-0.757536,14.333,2.65778
831,14.3026,2.62498,-0.757536,14.333,2.65778
832,14.3026,2.62498,-0.757536,14.333,2.65778
833,14.3264,2.60828,-0.771608,14.3544,2.63678
834,14.3264,2.60828,-0.771608,14.3544,2.63678
835,14.3264,2.60828,-0.771608,14.3544,2.63678
836,14.3264,2.60828,-0.771608,14.3544,2.63678
837,14.3264,2.60828,-0.771608,14.3544,2.63678
838,14.3429,2.59089,-0.785452,14.3754,2.61533
839,14.3429,2.59089,-0.785452,14.3754,2.61533
840,14.3429,2.59089,-0.785452,14.3754,2.61533
841,14.3429,2.59089,-0.785452,14.3754,2.61533
842,14.3429,2.59089,-0.785452,14.3754,2.61533
843,14.3616,2.57304,-0.799873,14.3891,2.60079
844,14.3616,2.57304,-0.799873,14.3891,2.60079
845,14.3616,2.57304,-0.799873,14.3891,2.60079
846,14.3616,2.57304,-0.799873,14.3891,2.60079
847,14.3616,2.57304,-0.799873,14.3891,2.60079
848,14.3848,2.5566,-0.813913,14.4093,2.57861
849,14.3848,2.5566,-0.813913,14.4093,2.57861
850,14.3848,2.5566,-0.813913,14.4093,2.57861
851,14.3848,2.5566,-0.813913,14.4093,2.57861
852,14.3996,2.53989,-0.828583,14.4225,2.56359
853,14.3996,2.53989,-0.828583,14.4225,2.56359
854,14.3996,2.53989,-0.828583,14.4225,2.56359
855,14.3996,2.53989,-0.828583,14.4225,2.56359
856,14.3996,2.53989,-0.828583,14.4225,2.56359
857,14.4141,2.52155,-0.843204,14.4419,2.54071
858,14.4141,2.52155,-0.843204,14.4419,2.54071
859,14.4141,2.52155,-0.843204,14.4419,2.54071
860,14.4141,2.52155,-0.843204,14.4419,2.54071
861,14.4141,2.52155,-0.843204,14.4419,2.54071
862,14.4141,2.52155,-0.843204,14.4419,2.54071
863,14.4141,2.52155,-0.843204,14.4419,2.54071
864,14.425,2.50453,-0.858173,14.4546,2.52523
865,14.425,2.50453,-0.858173,14.4546,2.52523
866,14.425,2.50453,-0.858173,14.4546,2.52523
867,14.425,2.50453,-0.858173,14.4546,2.52523
868,14.4325,2.48866,-0.87248,14.4609,2.51742
869,14.4325,2.48866,-0.87248,14.4609,2.51742
870,14.4325,2.48866,-0.87248,14.4609,2.51742
871,14.4325,2.48866,-0.87248,14.4609,2.51742
872,14.4325,2.48866,-0.87248,14.4609,2.51742
873,14.4476,2.4712,-0.886945,14.4793,2.49374
874,14.4476,2.4712,-0.886945,14.4793,2.49374
875,14.4476,2.4712,-0.886945,14.4793,2.49374
876,14.4476,2.4712,-0.886945,14.4793,2.49374
877,14.4476,2.4712,-0.886945,14.4793,2.49374
878,14.4476,2.4712,-0.886945,14.4793,2.49374
879,14.4637,2.45493,-0.901588,14.4913,2.47775
880,14.4637,2.45493,-0.901588,14.4913,2.47775
881,14.4637,2.45493,-0.901588,14.4913,2.47775
882,14.4787,2.43691,-0.91603,14.509,2.45345
883,14.4787,2.43691,-0.91603,14.509,2.45345
884,14.4787,2.43691,-0.91603,14.509,2.45345
885,14.4787,2.43691,-0.91603,14.509,2.45345
886,14.4787,2.43691,-0.91603,14.509,2.45345
887,14.4787,2.43691,-0.91603,14.509,2.45345
888,14.4858,2.42028,-0.930807,14.5147,2.44527
889,14.4858,2.42028,-0.930807,14.5147,2.44527
890,14.4858,2.42028,-0.930807,14.5147,2.44527
891,14.4858,2.42028,-0.930807,14.5147,2.44527
892,14.4975,2.4011,-0.945399,14.5317,2.4205
893,14.4975,2.4011,-0.945399,14.5317,2.4205
894,14.4975,2.4011,-0.945399,14.5317,2.4205
895,14.4975,2.4011,-0.945399,14.5317,2.4205
896,14.4975,2.4011,-0.945399,14.5317,2.4205
897,14.4975,2.4011,-0.945399,14.5317,2.4205
898,14.4975,2.4011,-0.945399,14.5317,2.4205
899,14.514,2.38291,-0.959929,14.5427,2.4038
900,14.514,2.38291,-0.959929,14.5427,2.4038
901,14.514,2.38291,-0.959929,14.5427,2.4038
902,14.514,2.38291,-0.959929,14.5427,2.4038
903,14.5294,2.3609,-0.974815,14.5588,2.37847
904,14.5294,2.3609,-0.974815,14.5588,2.37847
905,14.5294,2.3609,-0.974815,14.5588,2.37847
906,14.5294,2.3609,-0.974815,14.5588,2.37847
907,14.5426,2.34066,-0.989364,14.5693,2.36141
908,14.5426,2.34066,-0.989364,14.5693,2.36141
909,14.5426,2.34066,-0.989364,14.5693,2.36141
910,14.5426,2.34066,-0.989364,14.5693,2.36141
911,14.5426,2.34066,-0.989364,14.5693,2.36141
912,14.5426,2.34066,-0.989364,14.5693,2.36141
913,14.5426,2.34066,-0.989364,14.5693,2.36141
914,14.5468,2.32072,-1.00349,14.5795,2.34422
915,14.5468,2.32072,-1.00349,14.5795,2.34422
916,14.5468,2.32072,-1.00349,14.5795,2.34422
917,14.5468,2.32072,-1.00349,14.5795,2.34422
918,14.5624,2.30111,-1.01736,14.5945,2.31818
919,14.5624,2.30111,-1.01736,14.5945,2.31818
920,14.5624,2.30111,-1.01736,14.5945,2.31818
921,14.5624,2.30111,-1.01736,14.5945,2.31818
922,14.5624,2.30111,-1.01736,14.5945,2.31818
923,14.5624,2.30111,-1.01736,14.5945,2.31818
924,14.5624,2.30111,-1.01736,14.5945,2.31818
925,14.5768,2.28249,-1.03117,14.6042,2.30067
926,14.5768,2.28249,-1.03117,14.6042,2.30067
927,14.5768,2.28249,-1.03117,14.6042,2.30067
928,14.5768,2.28249,-1.03117,14.6042,2.30067
929,14.5768,2.28249,-1.03117,14.6042,2.30067
930,14.5896,2.25987,-1.04466,14.6183,2.27417
931,14.5896,2.25987,-1.04466,14.6183,2.27417
932,14.5896,2.25987,-1.04466,14.6183,2.27417
933,14.5896,2.25987,-1.04466,14.6183,2.27417
934,14.6011,2.24102,-1.05866,14.6275,2.25636
935,14.6011,2.24102,-1.05866,14.6275,2.25636
936,14.6011,2.24102,-1.05866,14.6275,2.25636
937,14.6011,2.24102,-1.05866,14.6275,2.25636
938,14.6152,2.22022,-1.07191,14.6408,2.22944
939,14.6152,2.22022,-1.07191,14.6408,2.22944
940,14.6152,2.22022,-1.07191,14.6408,2.22944
941,14.6152,2.22022,-1.07191,14.6408,2.22944
942,14.6152,2.22022,-1.07191,14.6408,2.22944
943,14.6152,2.22022,-1.07191,14.6408,2.22944
944,14.6152,2.22022,-1.07191,14.6408,2.22944
945,14.626,2.19972,-1.08531,14.6494,2.21136
946,14.626,2.19972,-1.08531,14.6494,2.21136
947,14.626,2.19972,-1.08531,14.6494,2.21136
948,14.626,2.19972,-1.08531,14.6494,2.21136
949,14.6331,2.18069,-1.09935,14.6578,2.19318
950,14.6331,2.18069,-1.09935,14.6578,2.19318
951,14.6331,2.18069,-1.09935,14.6578,2.19318
952,14.6331,2.18069,-1.09935,14.6578,2.19318
953,14.6395,2.16199,-1.11247,14.6659,2.1749
954,14.6395,2.16199,-1.11247,14.6659,2.1749
955,14.6395,2.16199,-1.11247,14.6659,2.1749
956,14.6395,2.16199,-1.11247,14.6659,2.1749
957,14.6395,2.16199,-1.11247,14.6659,2.1749
958,14.6395,2.16199,-1.11247,14.6659,2.1749
959,14.6395,2.16199,-1.11247,14.6659,2.1749
960,14.6267,2.14309,-1.1258,14.6699,2.16572
961,14.6267,2.14309,-1.1258,14.6699,2.16572
962,14.6267,2.14309,-1.1258,14.6699,2.16572
963,14.6267,2.14309,-1.1258,14.6699,2.16572
964,14.6421,2.12289,-1.13864,14.6816,2.13807
965,14.6421,2.12289,-1.13864,14.6816,2.13807
966,14.6421,2.12289,-1.13864,14.6816,2.13807
967,14.6421,2.12289,-1.13864,14.6816,2.13807
968,14.6421,2.12289,-1.13864,14.6816,2.13807
969,14.6421,2.12289,-1.13864,14.6816,2.13807
970,14.6535,2.10018,-1.1523,14.6892,2.11952
971,14.6535,2.10018,-1.1523,14.6892,2.11952
972,14.6535,2.10018,-1.1523,14.6892,2.11952
973,14.6535,2.10018,-1.1523,14.6892,2.11952
974,14.6535,2.10018,-1.1523,14.6892,2.11952
975,14.6691,2.07664,-1.16581,14.7001,2.09154
976,14.6691,2.07664,-1.16581,14.7001,2.09154
977,14.6691,2.07664,-1.16581,14.7001,2.09154
978,14.6691,2.07664,-1.16581,14.7001,2.09154
979,14.6691,2.07664,-1.16581,14.7001,2.09154
980,14.6802,2.05521,-1.17899,14.7106,2.06339
981,14.6802,2.05521,-1.17899,14.7106,2.06339
982,14.6802,2.05521,-1.17899,14.7106,2.06339
983,14.6802,2.05521,-1.17899,14.7106,2.06339
984,14.6802,2.05521,-1.17899,14.7106,2.06339
985,14.6802,2.05521,-1.17899,14.7106,2.06339
986,14.6802,2.05521,-1.17899,14.7106,2.06339
987,14.6849,2.03111,-1.19248,14.7173,2.04453
988,14.6849,2.03111,-1.19248,14.7173,2.04453
989,14.6849,2.03111,-1.19248,14.7173,2.04453
990,14.6849,2.03111,-1.19248,14.7173,2.04453
991,14.7023,2.0049,-1.20573,14.7271,2.01611
992,14.7023,2.0049,-1.20573,14.7271,2.01611
993,14.7023,2.0049,-1.20573,14.7271,2.01611
994,14.7023,2.0049,-1.20573,14.7271,2.01611
995,14.7023,2.0049,-1.20573,14.7271,2.01611
996,14.7023,2.0049,-1.20573,14.7271,2.01611
997,14.7023,2.0049,-1.20573,14.7271,2.01611
998,14.7109,1.97744,-1.21896,14.7364,1.98755
999,14.7109,1.97744,-1.21896,14.7364,1.98755
1000,14.7109,1.97744,-1.21896,14.7364,1.98755
1001,14.7109,1.97744,-1.21896,14.7364,1.98755
1002,14.7109,1.97744,-1.21896,14.7364,1.98755
1003,14.7109,1.97744,-1.21896,14.7364,1.98755
1004,14.7235,1.95258,-1.23086,14.7452,1.95885
1005,14.7235,1.95258,-1.23086,14.7452,1.95885
1006,14.7235,1.95258,-1.23086,14.7452,1.95885
1007,14.7235,1.95258,-1.23086,14.7452,1.95885
1008,14.7313,1.92768,-1.24333,14.7537,1.93002
1009,14.7313,1.92768,-1.24333,14.7537,1.93002
1010,14.7313,1.92768,-1.24333,14.7537,1.93002
1011,14.7313,1.92768,-1.24333,14.7537,1.93002
1012,14.7313,1.92768,-1.24333,14.7537,1.93002
1013,14.7313,1.92768,-1.24333,14.7537,1.93002
1014,14.7313,1.92768,-1.24333,14.7537,1.93002
1015,14.7466,1.90277,-1.25535,14.7591,1.91074
1016,14.7466,1.90277,-1.25535,14.7591,1.91074
1017,14.7466,1.90277,-1.25535,14.7591,1.91074
1018,14.7466,1.90277,-1.25535,14.7591,1.91074
1019,14.7466,1.90277,-1.25535,14.7591,1.91074
1020,14.7466,1.90277,-1.25535,14.7591,1.91074
1021,14.7483,1.87859,-1.26669,14.7668,1.88171
1022,14.7483,1.87859,-1.26669,14.7668,1.88171
1023,14.7483,1.87859,-1.26669,14.7668,1.88171
1024,14.7483,1.87859,-1.26669,14.7668,1.88171
1025,14.7591,1.85331,-1.27851,14.7742,1.85259
1026,14.7591,1.85331,-1.27851,14.7742,1.85259
1027,14.7591,1.85331,-1.27851,14.7742,1.85259
1028,14.7591,1.85331,-1.27851,14.7742,1.85259
1029,14.7591,1.85331,-1.27851,14.7742,1.85259
1030,14.7591,1.85331,-1.27851,14.7742,1.85259
1031,14.7591,1.85331,-1.27851,14.7742,1.85259
1032,14.7667,1.82817,-1.29052,14.7789,1.83312
1033,14.7667,1.82817,-1.29052,14.7789,1.83312
1034,14.7667,1.82817,-1.29052,14.7789,1.83312
1035,14.7667,1.82817,-1.29052,14.7789,1.83312
1036,14.7667,1.82817,-1.29052,14.7789,1.83312
1037,14.7667,1.82817,-1.29052,14.7789,1.83312
1038,14.7759,1.80329,-1.30207,14.7856,1.80384
1039,14.7759,1.80329,-1.30207,14.7856,1.80384
1040,14.7759,1.80329,-1.30207,14.7856,1.80384
1041,14.7759,1.80329,-1.30207,14.7856,1.80384
1042,14.7759,1.80329,-1.30207,14.7856,1.80384
1043,14.7759,1.80329,-1.30207,14.7856,1.80384
1044,14.7759,1.80329,-1.30207,14.7856,1.80384
1045,14.7842,1.77829,-1.31326,14.7899,1.78427
1046,14.7842,1.77829,-1.31326,14.7899,1.78427
1047,14.7842,1.77829,-1.31326,14.7899,1.78427
1048,14.7842,1.77829,-1.31326,14.7899,1.78427
1049,14.7972,1.72703,-1.33547,14.8017,1.72536
1050,14.7972,1.72703,-1.33547,14.8017,1.72536
1051,14.7972,1.72703,-1.33547,14.8017,1.72536
1052,14.7972,1.72703,-1.33547,14.8017,1.72536
1053,14.7972,1.72703,-1.33547,14.8017,1.72536
1054,14.7972,1.72703,-1.33547,14.8017,1.72536
1055,14.7972,1.72703,-1.33547,14.8017,1.72536
1056,14.8062,1.70077,-1.34666,14.8053,1.70566
1057,14.8062,1.70077,-1.34666,14.8053,1.70566
1058,14.8062,1.70077,-1.34666,14.8053,1.70566
1059,14.8062,1.70077,-1.34666,14.8053,1.70566
1060,14.8149,1.67226,-1.35791,14.8104,1.67606
1061,14.8149,1.67226,-1.35791,14.8104,1.67606
1062,14.8149,1.67226,-1.35791,14.8104,1.67606
1063,14.8149,1.67226,-1.35791,14.8104,1.67606
1064,14.8149,1.67226,-1.35791,14.8104,1.67606
1065,14.8149,1.67226,-1.35791,14.8104,1.67606
1066,14.8149,1.67226,-1.35791,14.8104,1.67606
1067,14.82,1.64591,-1.36874,14.8152,1.6464
1068,14.82,1.64591,-1.36874,14.8152,1.6464
1069,14.82,1.64591,-1.36874,14.8152,1.6464
1070,14.82,1.64591,-1.36874,14.8152,1.6464
1071,14.8176,1.61987,-1.37924,14.8197,1.61669
1072,14.8176,1.61987,-1.37924,14.8197,1.61669
1073,14.8176,1.61987,-1.37924,14.8197,1.61669
1074,14.8194,1.59268,-1.39009,14.8224,1.59686
1075,14.8194,1.59268,-1.39009,14.8224,1.59686
1076,14.8194,1.59268,-1.39009,14.8224,1.59686
1077,14.8194,1.59268,-1.39009,14.8224,1.59686
1078,14.8194,1.59268,-1.39009,14.8224,1.59686
1079,14.8253,1.56484,-1.40083,14.8264,1.56707
1080,14.8253,1.56484,-1.40083,14.8264,1.56707
1081,14.8253,1.56484,-1.40083,14.8264,1.56707
1082,14.8253,1.56484,-1.40083,14.8264,1.56707
1083,14.8253,1.56484,-1.40083,14.8264,1.56707
1084,14.8306,1.53537,-1.4111,14.83,1.53725
1085,14.8306,1.53537,-1.4111,14.83,1.53725
1086,14.8306,1.53537,-1.4111,14.83,1.53725
1087,14.8306,1.53537,-1.4111,14.83,1.53725
1088,14.8306,1.53537,-1.4111,14.83,1.53725
1089,14.8306,1.53537,-1.4111,14.83,1.53725
1090,14.8355,1.50817,-1.42093,14.8332,1.50739
1091,14.8355,1.50817,-1.42093,14.8332,1.50739
1092,14.8355,1.50817,-1.42093,14.8332,1.50739
1093,14.8355,1.50817,-1.42093,14.8332,1.50739
1094,14.8347,1.47971,-1.43038,14.8362,1.47749
1095,14.8347,1.47971,-1.43038,14.8362,1.47749
1096,14.8347,1.47971,-1.43038,14.8362,1.47749
1097,14.8347,1.47971,-1.43038,14.8362,1.47749
1098,14.841,1.45296,-1.43961,14.838,1.45755
1099,14.841,1.45296,-1.43961,14.838,1.45755
1100,14.841,1.45296,-1.43961,14.838,1.45755
1101,14.841,1.45296,-1.43961,14.838,1.45755
1102,14.8429,1.42462,-1.44839,14.8405,1.42761
1103,14.8429,1.42462,-1.44839,14.8405,1.42761
1104,14.8429,1.42462,-1.44839,14.8405,1.42761
1105,14.8429,1.42462,-1.44839,14.8405,1.42761
1106,14.8429,1.42462,-1.44839,14.8405,1.42761
1107,14.8454,1.39642,-1.45656,14.8428,1.39765
1108,14.8454,1.39642,-1.45656,14.8428,1.39765
1109,14.8454,1.39642,-1.45656,14.8428,1.39765
1110,14.8454,1.39642,-1.45656,14.8428,1.39765
1111,14.8475,1.36829,-1.46457,14.8447,1.36768
1112,14.8475,1.36829,-1.46457,14.8447,1.36768
1113,14.8475,1.36829,-1.46457,14.8447,1.36768
1114,14.8512,1.33919,-1.47268,14.8464,1.33768
1115,14.8512,1.33919,-1.47268,14.8464,1.33768
1116,14.8512,1.33919,-1.47268,14.8464,1.33768
1117,14.8512,1.33919,-1.47268,14.8464,1.33768
1118,14.8512,1.33919,-1.47268,14.8464,1.33768
1119,14.8512,1.33919,-1.47268,14.8464,1.33768
1120,14.8508,1.31035,-1.48049,14.8478,1.30767
1121,14.8508,1.31035,-1.48049,14.8478,1.30767
1122,14.8533,1.28192,-1.48771,14.8489,1.27766
1123,14.8533,1.28192,-1.48771,14.8489,1.27766
1124,14.8533,1.28192,-1.48771,14.8489,1.27766
1125,14.8533,1.28192,-1.48771,14.8489,1.27766
1126,14.8533,1.28192,-1.48771,14.8489,1.27766
1127,14.8533,1.28192,-1.48771,14.8489,1.27766
1128,14.8543,1.25341,-1.49453,14.8495,1.25764
1129,14.8543,1.25341,-1.49453,14.8495,1.25764
1130,14.8543,1.25341,-1.49453,14.8495,1.25764
1131,14.8543,1.25341,-1.49453,14.8495,1.25764
1132,14.857,1.22512,-1.50059,14.8502,1.22761
1133,14.857,1.22512,-1.50059,14.8502,1.22761
1134,14.857,1.22512,-1.50059,14.8502,1.22761
1135,14.857,1.22512,-1.50059,14.8502,1.22761
1136,14.857,1.22512,-1.50059,14.8502,1.22761
1137,14.8579,1.19684,-1.50614,14.8507,1.19757
1138,14.8579,1.19684,-1.50614,14.8507,1.19757
1139,14.8579,1.19684,-1.50614,14.8507,1.19757
1140,14.8579,1.19684,-1.50614,14.8507,1.19757
1141,14.8579,1.19684,-1.50614,14.8507,1.19757
1142,14.8625,1.17061,-1.51125,14.851,1.16754
1143,14.8625,1.17061,-1.51125,14.851,1.151
1144,14.8676,1.14732,-1.51553,14.851,1.151
1145,14.8676,1.14732,-1.51553,14.851,1.151
1146,14.8676,1.14732,-1.51553,14.851,1.151
1147,14.8676,1.14732,-1.51553,14.851,1.151
1148,14.8676,1.14732,-1.51553,14.851,1.151
1149,14.8676,1.14732,-1.51553,14.851,1.151
1150,14.8676,1.14732,-1.51553,14.851,1.151
1151,14.8702,1.12662,-1.51895,14.851,1.131
1152,14.8702,1.12662,-1.51895,14.851,1.131
1153,14.8702,1.12662,-1.51895,14.851,1.131
1154,14.8702,1.12662,-1.51895,14.851,1.131
1155,14.8693,1.10724,-1.52187,14.851,1.111
1156,14.8693,1.10724,-1.52187,14.851,1.111
1157,14.8693,1.10724,-1.52187,14.851,1.111
1158,14.8693,1.10724,-1.52187,14.851,1.111
1159,14.87,1.09021,-1.52412,14.851,1.091
1160,14.87,1.09021,-1.52412,14.851,1.091
1161,14.87,1.09021,-1.52412,14.851,1.091
1162,14.87,1.09021,-1.52412,14.851,1.091
1163,14.87,1.09021,-1.52412,14.851,1.091
1164,14.87,1.09021,-1.52412,14.851,1.091
1165,14.87,1.09021,-1.52412,14.851,1.091
1166,14.8677,1.07366,-1.52646,14.851,1.071
1167,14.8677,1.07366,-1.52646,14.851,1.071
1168,14.8677,1.07366,-1.52646,14.851,1.071
1169,14.8698,1.05977,-1.52866,14.851,1.061
1170,14.8698,1.05977,-1.52866,14.851,1.061
1171,14.8698,1.05977,-1.52866,14.851,1.061
1172,14.8698,1.05977,-1.52866,14.851,1.061
1173,14.8698,1.05977,-1.52866,14.851,1.061
1174,14.8684,1.04184,-1.53132,14.851,1.041
1175,14.8684,1.04184,-1.53132,14.851,1.041
1176,14.8684,1.04184,-1.53132,14.851,1.041
1177,14.8684,1.04184,-1.53132,14.851,1.041
1178,14.8684,1.04184,-1.53132,14.851,1.041
1179,14.8722,1.02586,-1.53455,14.851,1.021
1180,14.8722,1.02586,-1.53455,14.851,1.021
1181,14.8722,1.02586,-1.53455,14.851,1.021
1182,14.8722,1.02586,-1.53455,14.851,1.021
1183,14.8722,1.02586,-1.53455,14.851,1.021
1184,14.8722,1.02586,-1.53455,14.851,1.021
1185,14.872,1.00447,-1.53831,14.851,1.001
1186,14.872,1.00447,-1.53831,14.851,1.001
1187,14.872,1.00447,-1.53831,14.851,1.001
1188,14.872,1.00447,-1.53831,14.851,1.001
1189,14.87,0.985276,-1.54225,14.851,0.981
1190,14.87,0.985276,-1.54225,14.851,0.981
1191,14.87,0.985276,-1.54225,14.851,0.981
1192,14.87,0.985276,-1.54225,14.851,0.981
1193,14.87,0.985276,-1.54225,14.851,0.981
1194,14.87,0.985276,-1.54225,14.851,0.981
1195,14.87,0.985276,-1.54225,14.851,0.981
1196,14.8712,0.964549,-1.54589,14.851,0.961
1197,14.8712,0.964549,-1.54589,14.851,0.961
1198,14.8712,0.964549,-1.54589,14.851,0.961
1199,14.8685,0.944932,-1.54979,14.851,0.941
1200,14.8685,0.944932,-1.54979,14.851,0.941
1201,14.8685,0.944932,-1.54979,14.851,0.941
1202,14.8685,0.944932,-1.54979,14.851,0.941
1203,14.8685,0.944932,-1.54979,14.851,0.941
1204,14.8686,0.92473,-1.55359,14.851,0.921
1205,14.8686,0.92473,-1.55359,14.851,0.921
1206,14.8686,0.92473,-1.55359,14.851,0.921
1207,14.8686,0.92473,-1.55359,14.851,0.921
1208,14.8686,0.92473,-1.55359,14.851,0.921
1209,14.868,0.904645,-1.55734,14.851,0.901
1210,14.868,0.904645,-1.55734,14.851,0.901
1211,14.868,0.904645,-1.55734,14.851,0.901
1212,14.868,0.904645,-1.55734,14.851,0.901
1213,14.868,0.904645,-1.55734,14.851,0.901
1214,14.868,0.904645,-1.55734,14.851,0.901
1215,14.8685,0.884361,-1.56078,14.851,0.881
1216,14.8685,0.884361,-1.56078,14.851,0.881
1217,14.8685,0.884361,-1.56078,14.851,0.881
1218,14.8685,0.884361,-1.56078,14.851,0.881
1219,14.8687,0.86446,-1.56396,14.851,0.861
1220,14.8687,0.86446,-1.56396,14.851,0.861
1221,14.8687,0.86446,-1.56396,14.851,0.861
1222,14.8687,0.86446,-1.56396,14.851,0.861
1223,14.8687,0.86446,-1.56396,14.851,0.861
1224,14.8687,0.86446,-1.56396,14.851,0.861
1225,14.8687,0.86446,-1.56396,14.851,0.861
1226,14.8691,0.844075,-1.56687,14.851,0.841
1227,14.8691,0.844075,-1.56687,14.851,0.841
1228,14.8691,0.844075,-1.56687,14.851,0.841
1229,14.8691,0.844075,-1.56687,14.851,0.841
1230,14.8714,0.823378,-1.56939,14.851,0.821
1231,14.8714,0.823378,-1.56939,14.851,0.821
1232,14.8714,0.823378,-1.56939,14.851,0.821
1233,14.8714,0.823378,-1.56939,14.851,0.821
1234,14.8725,0.803646,-1.57171,14.851,0.801
1235,14.8725,0.803646,-1.57171,14.851,0.801
1236,14.8725,0.803646,-1.57171,14.851,0.801
1237,14.8725,0.803646,-1.57171,14.851,0.801
1238,14.8728,0.782335,-1.57403,14.851,0.781
1239,14.8728,0.782335,-1.57403,14.851,0.781
1240,14.8728,0.782335,-1.57403,14.851,0.781
1241,14.8728,0.782335,-1.57403,14.851,0.781
1242,14.8728,0.782335,-1.57403,14.851,0.781
1243,14.8728,0.782335,-1.57403,14.851,0.781
1244,14.8728,0.782335,-1.57403,14.851,0.781
1245,14.8722,0.762116,-1.57614,14.851,0.761
1246,14.8722,0.762116,-1.57614,14.851,0.761
1247,14.8722,0.762116,-1.57614,14.851,0.761
1248,14.8722,0.762116,-1.57614,14.851,0.761
1249,14.8717,0.742013,-1.57835,14.851,0.741
1250,14.8717,0.742013,-1.57835,14.851,0.741
1251,14.8717,0.742013,-1.57835,14.851,0.741
1252,14.8717,0.742013,-1.57835,14.851,0.741
1253,14.8717,0.742013,-1.57835,14.851,0.741
1254,14.8709,0.722961,-1.58051,14.851,0.721
1255,14.8709,0.722961,-1.58051,14.851,0.721
1256,14.8709,0.722961,-1.58051,14.851,0.721
1257,14.8709,0.722961,-1.58051,14.851,0.721
1258,14.8709,0.722961,-1.58051,14.851,0.721
1259,14.8709,0.722961,-1.58051,14.851,0.721
1260,14.8702,0.703866,-1.58282,14.851,0.701
1261,14.8702,0.703866,-1.58282,14.851,0.701
1262,14.8702,0.703866,-1.58282,14.851,0.701
1263,14.8702,0.703866,-1.58282,14.851,0.701
1264,14.8715,0.684702,-1.5849,14.851,0.681
1265,14.8715,0.684702,-1.5849,14.851,0.681
1266,14.8715,0.684702,-1.5849,14.851,0.681
1267,14.8715,0.684702,-1.5849,14.851,0.681
1268,14.8715,0.684702,-1.5849,14.851,0.681
1269,14.8701,0.664678,-1.58703,14.851,0.661
1270,14.8701,0.664678,-1.58703,14.851,0.661
1271,14.8701,0.664678,-1.58703,14.851,0.661
1272,14.8701,0.664678,-1.58703,14.851,0.661
1273,14.8701,0.664678,-1.58703,14.851,0.661
1274,14.8701,0.664678,-1.58703,14.851,0.661
1275,14.8698,0.644835,-1.58892,14.851,0.641
1276,14.8698,0.644835,-1.58892,14.851,0.641
1277,14.8698,0.644835,-1.58892,14.851,0.641
1278,14.8698,0.644835,-1.58892,14.851,0.641
1279,14.8717,0.624971,-1.59045,14.851,0.621
1280,14.8717,0.624971,-1.59045,14.851,0.621
1281,14.8717,0.624971,-1.59045,14.851,0.621
1282,14.8717,0.624971,-1.59045,14.851,0.621
1283,14.8705,0.605625,-1.59191,14.851,0.601
1284,14.8705,0.605625,-1.59191,14.851,0.601
1285,14.8705,0.605625,-1.59191,14.851,0.601
1286,14.8705,0.605625,-1.59191,14.851,0.601
1287,14.8705,0.605625,-1.59191,14.851,0.601
1288,14.8705,0.605625,-1.59191,14.851,0.601
1289,14.8705,0.605625,-1.59191,14.851,0.601
1290,14.8696,0.586136,-1.59333,14.851,0.591
1291,14.8696,0.586136,-1.59333,14.851,0.591
1292,14.8696,0.586136,-1.59333,14.851,0.591
1293,14.8696,0.586136,-1.59333,14.851,0.591
1294,14.8684,0.566656,-1.59466,14.851,0.571
1295,14.8684,0.566656,-1.59466,14.851,0.571
1296,14.8684,0.566656,-1.59466,14.851,0.571
1297,14.8684,0.566656,-1.59466,14.851,0.571
1298,14.8684,0.566656,-1.59466,14.851,0.571
1299,14.8691,0.547939,-1.59589,14.851,0.551
1300,14.8691,0.547939,-1.59589,14.851,0.551
1301,14.8691,0.547939,-1.59589,14.851,0.551
1302,14.8691,0.547939,-1.59589,14.851,0.551
1303,14.8691,0.547939,-1.59589,14.851,0.551
1304,14.8691,0.547939,-1.59589,14.851,0.551
1305,14.8674,0.528004,-1.59715,14.851,0.531
1306,14.8674,0.528004,-1.59715,14.851,0.531
1307,14.8674,0.528004,-1.59715,14.851,0.531
1308,14.8674,0.528004,-1.59715,14.851,0.531
1309,14.8674,0.528004,-1.59715,14.851,0.531
1310,14.8675,0.508589,-1.5984,14.851,0.511
1311,14.8675,0.508589,-1.5984,14.851,0.511
1312,14.8675,0.508589,-1.5984,14.851,0.511
1313,14.8675,0.508589,-1.5984,14.851,0.511
1314,14.8682,0.488081,-1.59936,14.851,0.491
1315,14.8682,0.488081,-1.59936,14.851,0.491
1316,14.8682,0.488081,-1.59936,14.851,0.491
1317,14.8682,0.488081,-1.59936,14.851,0.491
1318,14.8682,0.488081,-1.59936,14.851,0.491
1319,14.8682,0.488081,-1.59936,14.851,0.491
1320,14.8682,0.488081,-1.59936,14.851,0.491
1321,14.8672,0.469035,-1.60033,14.851,0.471
1322,14.8672,0.469035,-1.60033,14.851,0.471
1323,14.8672,0.469035,-1.60033,14.851,0.471
1324,14.8672,0.469035,-1.60033,14.851,0.471
1325,14.868,0.448981,-1.60132,14.851,0.451
1326,14.868,0.448981,-1.60132,14.851,0.451
1327,14.868,0.448981,-1.60132,14.851,0.451
1328,14.868,0.448981,-1.60132,14.851,0.451
1329,14.867,0.428361,-1.60198,14.851,0.431
1330,14.867,0.428361,-1.60198,14.851,0.431
1331,14.867,0.428361,-1.60198,14.851,0.431
1332,14.867,0.428361,-1.60198,14.851,0.431
1333,14.867,0.428361,-1.60198,14.851,0.431
1334,14.867,0.428361,-1.60198,14.851,0.431
1335,14.8645,0.406801,-1.60264,14.851,0.411
1336,14.8645,0.406801,-1.60264,14.851,0.411
1337,14.8645,0.406801,-1.60264,14.851,0.411
1338,14.8645,0.406801,-1.60264,14.851,0.411
1339,14.8645,0.406801,-1.60264,14.851,0.411
1340,14.8629,0.386683,-1.60332,14.851,0.391
1341,14.8629,0.386683,-1.60332,14.851,0.391
1342,14.8629,0.386683,-1.60332,14.851,0.391
1343,14.8629,0.386683,-1.60332,14.851,0.391
1344,14.8619,0.366847,-1.60439,14.851,0.371
1345,14.8619,0.366847,-1.60439,14.851,0.371
1346,14.8619,0.366847,-1.60439,14.851,0.371
1347,14.8619,0.366847,-1.60439,14.851,0.371
1348,14.8619,0.366847,-1.60439,14.851,0.371
1349,14.8619,0.366847,-1.60439,14.851,0.371
1350,14.8619,0.366847,-1.60439,14.851,0.371
1351,14.8633,0.34597,-1.60459,14.851,0.341
1352,14.8633,0.34597,-1.60459,14.851,0.341
1353,14.8633,0.34597,-1.60459,14.851,0.341
1354,14.8633,0.34597,-1.60459,14.851,0.341
1355,14.8601,0.324654,-1.60504,14.851,0.321
1356,14.8601,0.324654,-1.60504,14.851,0.321
1357,14.8601,0.324654,-1.60504,14.851,0.321
1358,14.8658,0.303417,-1.60528,14.851,0.301
1359,14.8658,0.303417,-1.60528,14.851,0.301
1360,14.8658,0.303417,-1.60528,14.851,0.301
1361,14.8658,0.303417,-1.60528,14.851,0.301
1362,14.8658,0.303417,-1.60528,14.851,0.301
1363,14.8658,0.303417,-1.60528,14.851,0.301
1364,14.8658,0.303417,-1.60528,14.851,0.301
1365,14.8658,0.303417,-1.60528,14.851,0.301
1366,14.8658,0.283292,-1.60548,14.851,0.281
1367,14.8658,0.283292,-1.60548,14.851,0.281
1368,14.8658,0.283292,-1.60548,14.851,0.281
1369,14.8658,0.283292,-1.60548,14.851,0.281
1370,14.8646,0.262867,-1.60519,14.851,0.261
1371,14.8646,0.262867,-1.60519,14.851,0.261
1372,14.8646,0.262867,-1.60519,14.851,0.261
1373,14.8646,0.262867,-1.60519,14.851,0.261
1374,14.8636,0.240207,-1.60516,14.851,0.241
1375,14.8636,0.240207,-1.60516,14.851,0.241
1376,14.8636,0.240207,-1.60516,14.851,0.241
1377,14.8636,0.240207,-1.60516,14.851,0.241
1378,14.8636,0.240207,-1.60516,14.851,0.241
1379,14.8636,0.240207,-1.60516,14.851,0.241
1380,14.862,0.220328,-1.60517,14.851,0.221
1381,14.862,0.220328,-1.60517,14.851,0.221
1382,14.862,0.220328,-1.60517,14.851,0.221
1383,14.862,0.220328,-1.60517,14.851,0.221
1384,14.862,0.220328,-1.60517,14.851,0.221
1385,14.8613,0.201092,-1.60528,14.851,0.201
1386,14.8613,0.201092,-1.60528,14.851,0.201
1387,14.8613,0.201092,-1.60528,14.851,0.201
1388,14.8613,0.201092,-1.60528,14.851,0.201
1389,14.8615,0.179613,-1.60541,14.851,0.181
1390,14.8615,0.179613,-1.60541,14.851,0.181
1391,14.8615,0.179613,-1.60541,14.851,0.181
1392,14.8615,0.179613,-1.60541,14.851,0.181
1393,14.8615,0.179613,-1.60541,14.851,0.181
1394,14.8617,0.159413,-1.60541,14.851,0.161
1395,14.8617,0.159413,-1.60541,14.851,0.161
1396,14.8617,0.159413,-1.60541,14.851,0.161
1397,14.8617,0.159413,-1.60541,14.851,0.161
1398,14.8617,0.159413,-1.60541,14.851,0.161
1399,14.861,0.14098,-1.60545,14.851,0.141
1400,14.861,0.14098,-1.60545,14.851,0.141
1401,14.861,0.14098,-1.60545,14.851,0.141
1402,14.861,0.14098,-1.60545,14.851,0.141
1403,14.861,0.14098,-1.60545,14.851,0.141
1404,14.8618,0.118992,-1.60529,14.851,0.121
1405,14.8618,0.118992,-1.60529,14.851,0.121
1406,14.8618,0.118992,-1.60529,14.851,0.121
1407,14.8618,0.118992,-1.60529,14.851,0.121
1408,14.8618,0.118992,-1.60529,14.851,0.121
1409,14.8618,0.118992,-1.60529,14.851,0.121
1410,14.8573,0.101123,-1.60488,14.851,0.101
1411,14.8573,0.101123,-1.60488,14.851,0.101
1412,14.8573,0.101123,-1.60488,14.851,0.101
1413,14.8573,0.101123,-1.60488,14.851,0.101
1414,14.8594,0.0804647,-1.60457,14.851,0.081
1415,14.8594,0.0804647,-1.60457,14.851,0.081
1416,14.8594,0.0804647,-1.60457,14.851,0.081
1417,14.8594,0.0804647,-1.60457,14.851,0.081
1418,14.8595,0.0603671,-1.6041,14.851,0.061
1419,14.8595,0.0603671,-1.6041,14.851,0.061
1420,14.8595,0.0603671,-1.6041,14.851,0.061
1421,14.8595,0.0603671,-1.6041,14.851,0.061
1422,14.8595,0.0603671,-1.6041,14.851,0.061
1423,14.8595,0.0603671,-1.6041,14.851,0.061
1424,14.8595,0.0603671,-1.6041,14.851,0.061
1425,14.8565,0.0401773,-1.60376,14.851,0.041
1426,14.8565,0.0401773,-1.60376,14.851,0.041
1427,14.8565,0.0401773,-1.60376,14.851,0.041
1428,14.8565,0.0401773,-1.60376,14.851,0.041
1429,14.8571,0.0190398,-1.60338,14.851,0.021
1430,14.8571,0.0190398,-1.60338,14.851,0.021
1431,14.8571,0.0190398,-1.60338,14.851,0.021
1432,14.8571,0.0190398,-1.60338,14.851,0.021
1433,14.8571,0.0190398,-1.60338,14.851,0.021
1434,14.8554,8.01998e-05,-1.60268,14.851,0.00100002
1435,14.8554,8.01998e-05,-1.60268,14.851,0.00100002
1436,14.8554,8.01998e-05,-1.60268,14.851,0.00100002
1437,14.8554,8.01998e-05,-1.60268,14.851,0.00100002
1438,14.8554,8.01998e-05,-1.60268,14.851,0.00100002
1439,14.8554,8.01998e-05,-1.60268,14.851,0.00100002
1440,14.8537,-0.0215185,-1.60201,14.851,-0.019
1441,14.8537,-0.0215185,-1.60201,14.851,-0.019
1442,14.8537,-0.0215185,-1.60201,14.851,-0.019
1443,14.8537,-0.0215185,-1.60201,14.851,-0.019
1444,14.8537,-0.0215185,-1.60201,14.851,-0.019
1445,14.8528,-0.0399511,-1.60112,14.851,-0.039
1446,14.8528,-0.0399511,-1.60112,14.851,-0.039
1447,14.8528,-0.0399511,-1.60112,14.851,-0.039
1448,14.8528,-0.0399511,-1.60112,14.851,-0.039
1449,14.8528,-0.0399511,-1.60112,14.851,-0.039
1450,14.8564,-0.0619677,-1.60075,14.851,-0.059
1451,14.8564,-0.0619677,-1.60075,14.851,-0.059
1452,14.8564,-0.0619677,-1.60075,14.851,-0.059
1453,14.8544,-0.0839418,-1.59993,14.851,-0.079
1454,14.8544,-0.0839418,-1.59993,14.851,-0.079
1455,14.8544,-0.0839418,-1.59993,14.851,-0.079
1456,14.8544,-0.0839418,-1.59993,14.851,-0.079
1457,14.8544,-0.0839418,-1.59993,14.851,-0.079
1458,14.8566,-0.103466,-1.59885,14.851,-0.099
1459,14.8566,-0.103466,-1.59885,14.851,-0.099
1460,14.8566,-0.103466,-1.59885,14.851,-0.099
1461,14.8566,-0.103466,-1.59885,14.851,-0.099
1462,14.8566,-0.103466,-1.59885,14.851,-0.099
1463,14.8566,-0.103466,-1.59885,14.851,-0.099
1464,14.8566,-0.103466,-1.59885,14.851,-0.099
1465,14.8558,-0.124422,-1.59802,14.851,-0.129
1466,14.8558,-0.124422,-1.59802,14.851,-0.129
1467,14.8558,-0.124422,-1.59802,14.851,-0.129
1468,14.8558,-0.124422,-1.59802,14.851,-0.129
1469,14.8558,-0.124422,-1.59802,14.851,-0.129
1470,14.8548,-0.14571,-1.59691,14.851,-0.149
1471,14.8548,-0.14571,-1.59691,14.851,-0.149
1472,14.8548,-0.14571,-1.59691,14.851,-0.149
1473,14.8551,-0.16555,-1.59581,14.851,-0.169
1474,14.8551,-0.16555,-1.59581,14.851,-0.169
1475,14.8551,-0.16555,-1.59581,14.851,-0.169
1476,14.8551,-0.16555,-1.59581,14.851,-0.169
1477,14.8551,-0.16555,-1.59581,14.851,-0.169
1478,14.8551,-0.16555,-1.59581,14.851,-0.169
1479,14.8551,-0.16555,-1.59581,14.851,-0.169
1480,14.8524,-0.186001,-1.59495,14.851,-0.189
1481,14.8524,-0.186001,-1.59495,14.851,-0.189
1482,14.8524,-0.186001,-1.59495,14.851,-0.189
1483,14.8524,-0.186001,-1.59495,14.851,-0.189
1484,14.8524,-0.186001,-1.59495,14.851,-0.189
1485,14.8524,-0.186001,-1.59495,14.851,-0.189
1486,14.8472,-0.20612,-1.5941,14.851,-0.209
1487,14.8472,-0.20612,-1.5941,14.851,-0.209
1488,14.8472,-0.20612,-1.5941,14.851,-0.209
1489,14.849,-0.226278,-1.59337,14.851,-0.229
1490,14.849,-0.226278,-1.59337,14.851,-0.229
1491,14.849,-0.226278,-1.59337,14.851,-0.229
1492,14.849,-0.226278,-1.59337,14.851,-0.229
1493,14.849,-0.226278,-1.59337,14.851,-0.229
1494,14.849,-0.226278,-1.59337,14.851,-0.229
1495,14.849,-0.226278,-1.59337,14.851,-0.229
1496,14.849,-0.226278,-1.59337,14.851,-0.229
1497,14.8452,-0.247774,-1.59287,14.851,-0.249
1498,14.8452,-0.247774,-1.59287,14.851,-0.249
1499,14.8452,-0.247774,-1.59287,14.851,-0.249
1500,14.8448,-0.266456,-1.59199,14.851,-0.269
1501,14.8448,-0.266456,-1.59199,14.851,-0.269
1502,14.8448,-0.266456,-1.59199,14.851,-0.269
1503,14.8448,-0.266456,-1.59199,14.851,-0.269
1504,14.8448,-0.266456,-1.59199,14.851,-0.269
1505,14.8448,-0.266456,-1.59199,14.851,-0.269
1506,14.8448,-0.266456,-1.59199,14.851,-0.269
1507,14.8453,-0.288119,-1.5918,14.851,-0.289
1508,14.8453,-0.288119,-1.5918,14.851,-0.289
1509,14.8465,-0.308787,-1.59089,14.851,-0.309
1510,14.8465,-0.308787,-1.59089,14.851,-0.309
1511,14.8465,-0.308787,-1.59089,14.851,-0.309
1512,14.8465,-0.308787,-1.59089,14.851,-0.309
1513,14.8465,-0.308787,-1.59089,14.851,-0.309
1514,14.8465,-0.308787,-1.59089,14.851,-0.309
1515,14.842,-0.32763,-1.58926,14.851,-0.329
1516,14.842,-0.32763,-1.58926,14.851,-0.329
1517,14.842,-0.32763,-1.58926,14.851,-0.329
1518,14.842,-0.32763,-1.58926,14.851,-0.329
1519,14.842,-0.32763,-1.58926,14.851,-0.329
1520,14.8412,-0.34999,-1.58849,14.851,-0.349
1521,14.8412,-0.34999,-1.58849,14.851,-0.349
1522,14.8412,-0.34999,-1.58849,14.851,-0.349
1523,14.8412,-0.34999,-1.58849,14.851,-0.349
1524,14.8412,-0.34999,-1.58849,14.851,-0.349
1525,14.8412,-0.34999,-1.58849,14.851,-0.349
1526,14.8388,-0.369211,-1.58721,14.851,-0.369
1527,14.8388,-0.369211,-1.58721,14.851,-0.369
1528,14.8388,-0.369211,-1.58721,14.851,-0.369
1529,14.8387,-0.39098,-1.58566,14.851,-0.389
1530,14.8387,-0.39098,-1.58566,14.851,-0.389
1531,14.8387,-0.39098,-1.58566,14.851,-0.389
1532,14.8387,-0.39098,-1.58566,14.851,-0.389
1533,14.8387,-0.39098,-1.58566,14.851,-0.389
1534,14.8387,-0.39098,-1.58566,14.851,-0.389
1535,14.8387,-0.39098,-1.58566,14.851,-0.389
1536,14.8374,-0.410634,-1.58409,14.851,-0.409
1537,14.8374,-0.410634,-1.58409,14.851,-0.409
1538,14.8374,-0.410634,-1.58409,14.851,-0.409
1539,14.8374,-0.410634,-1.58409,14.851,-0.409
1540,14.8386,-0.433225,-1.58248,14.851,-0.429
1541,14.8386,-0.433225,-1.58248,14.851,-0.429
1542,14.8386,-0.433225,-1.58248,14.851,-0.429
1543,14.8386,-0.433225,-1.58248,14.851,-0.429
1544,14.837,-0.452037,-1.58031,14.851,-0.449
1545,14.837,-0.452037,-1.58031,14.851,-0.449
1546,14.837,-0.452037,-1.58031,14.851,-0.449
1547,14.837,-0.452037,-1.58031,14.851,-0.449
1548,14.837,-0.452037,-1.58031,14.851,-0.449
1549,14.837,-0.452037,-1.58031,14.851,-0.449
1550,14.8383,-0.473909,-1.57858,14.851,-0.469
1551,14.8383,-0.473909,-1.57858,14.851,-0.469
1552,14.8383,-0.473909,-1.57858,14.851,-0.469
1553,14.8383,-0.473909,-1.57858,14.851,-0.469
1554,14.8383,-0.473909,-1.57858,14.851,-0.469
1555,14.8374,-0.494721,-1.57664,14.851,-0.499
1556,14.8374,-0.494721,-1.57664,14.851,-0.499
1557,14.8374,-0.494721,-1.57664,14.851,-0.499
1558,14.8374,-0.494721,-1.57664,14.851,-0.499
1559,14.8374,-0.494721,-1.57664,14.851,-0.499
1560,14.8374,-0.494721,-1.57664,14.851,-0.499
1561,14.8364,-0.515415,-1.57426,14.851,-0.519
1562,14.8364,-0.515415,-1.57426,14.851,-0.519
1563,14.8364,-0.515415,-1.57426,14.851,-0.519
1564,14.8341,-0.536428,-1.5724,14.851,-0.539
1565,14.8341,-0.536428,-1.5724,14.851,-0.539
1566,14.8341,-0.536428,-1.5724,14.851,-0.539
1567,14.8341,-0.536428,-1.5724,14.851,-0.539
1568,14.8341,-0.536428,-1.5724,14.851,-0.539
1569,14.8341,-0.536428,-1.5724,14.851,-0.539
1570,14.8348,-0.557544,-1.57096,14.851,-0.559
1571,14.8348,-0.557544,-1.57096,14.851,-0.559
1572,14.8348,-0.557544,-1.57096,14.851,-0.559
1573,14.8348,-0.557544,-1.57096,14.851,-0.559
1574,14.8348,-0.557544,-1.57096,14.851,-0.559
1575,14.8348,-0.557544,-1.57096,14.851,-0.559
1576,14.8343,-0.577793,-1.56928,14.851,-0.579
1577,14.8343,-0.577793,-1.56928,14.851,-0.579
1578,14.8343,-0.577793,-1.56928,14.851,-0.579
1579,14.8378,-0.597875,-1.56623,14.851,-0.599
1580,14.8378,-0.597875,-1.56623,14.851,-0.599
1581,14.8378,-0.597875,-1.56623,14.851,-0.599
1582,14.8378,-0.597875,-1.56623,14.851,-0.599
1583,14.8378,-0.597875,-1.56623,14.851,-0.599
1584,14.8305,-0.618273,-1.56488,14.851,-0.619
1585,14.8305,-0.618273,-1.56488,14.851,-0.619
1586,14.8305,-0.618273,-1.56488,14.851,-0.619
1587,14.8305,-0.618273,-1.56488,14.851,-0.619
1588,14.8305,-0.618273,-1.56488,14.851,-0.619
1589,14.8305,-0.618273,-1.56488,14.851,-0.619
1590,14.8306,-0.639827,-1.56312,14.851,-0.639
1591,14.8306,-0.639827,-1.56312,14.851,-0.639
1592,14.8306,-0.639827,-1.56312,14.851,-0.639
1593,14.8306,-0.639827,-1.56312,14.851,-0.639
1594,14.8306,-0.639827,-1.56312,14.851,-0.639
1595,14.8388,-0.660227,-1.56099,14.851,-0.659
1596,14.8388,-0.660227,-1.56099,14.851,-0.659
1597,14.8388,-0.660227,-1.56099,14.851,-0.659
1598,14.8388,-0.660227,-1.56099,14.851,-0.659
1599,14.8314,-0.68329,-1.55961,14.851,-0.679
1600,14.8314,-0.68329,-1.55961,14.851,-0.679
1601,14.8314,-0.68329,-1.55961,14.851,-0.679
1602,14.8314,-0.68329,-1.55961,14.851,-0.679
1603,14.8314,-0.68329,-1.55961,14.851,-0.679
1604,14.8314,-0.68329,-1.55961,14.851,-0.679
1605,14.8314,-0.68329,-1.55961,14.851,-0.679
1606,14.8332,-0.701366,-1.55758,14.851,-0.699
1607,14.8332,-0.701366,-1.55758,14.851,-0.699
1608,14.8332,-0.701366,-1.55758,14.851,-0.699
1609,14.8332,-0.701366,-1.55758,14.851,-0.699
1610,14.8332,-0.701366,-1.55758,14.851,-0.699
1611,14.8311,-0.722103,-1.55608,14.851,-0.719
1612,14.8311,-0.722103,-1.55608,14.851,-0.719
1613,14.8311,-0.722103,-1.55608,14.851,-0.719
1614,14.8326,-0.739145,-1.55419,14.851,-0.739
1615,14.8326,-0.739145,-1.55419,14.851,-0.739
1616,14.8326,-0.739145,-1.55419,14.851,-0.739
1617,14.8326,-0.739145,-1.55419,14.851,-0.739
1618,14.8326,-0.739145,-1.55419,14.851,-0.739
1619,14.8326,-0.739145,-1.55419,14.851,-0.739
1620,14.8326,-0.739145,-1.55419,14.851,-0.739
1621,14.8331,-0.755172,-1.55316,14.851,-0.759
1622,14.8331,-0.755172,-1.55316,14.851,-0.759
1623,14.8331,-0.755172,-1.55316,14.851,-0.759
1624,14.8331,-0.755172,-1.55316,14.851,-0.759
1625,14.8313,-0.769901,-1.55202,14.851,-0.769
1626,14.8313,-0.769901,-1.55202,14.851,-0.769
1627,14.8313,-0.769901,-1.55202,14.851,-0.769
1628,14.8313,-0.769901,-1.55202,14.851,-0.769
1629,14.8313,-0.769901,-1.55202,14.851,-0.769
1630,14.832,-0.780239,-1.55102,14.851,-0.779
1631,14.832,-0.780239,-1.55102,14.851,-0.779
1632,14.832,-0.780239,-1.55102,14.851,-0.779
1633,14.832,-0.780239,-1.55102,14.851,-0.779
1634,14.8306,-0.789917,-1.55084,14.851,-0.789
1635,14.8306,-0.789917,-1.55084,14.851,-0.789
1636,14.8306,-0.789917,-1.55084,14.851,-0.789
1637,14.8306,-0.789917,-1.55084,14.851,-0.789
1638,14.8306,-0.789917,-1.55084,14.851,-0.789
1639,14.8306,-0.789917,-1.55084,14.851,-0.789
1640,14.8306,-0.794954,-1.55017,14.851,-0.799
1641,14.8306,-0.794954,-1.55017,14.851,-0.799
1642,14.8306,-0.794954,-1.55017,14.851,-0.799
1643,14.8306,-0.794954,-1.55017,14.851,-0.799
1644,14.8306,-0.794954,-1.55017,14.851,-0.799
1645,14.8332,-0.800284,-1.55036,14.851,-0.799
1646,14.8332,-0.800284,-1.55036,14.851,-0.799
1647,14.8332,-0.800284,-1.55036,14.851,-0.799
1648,14.8332,-0.800284,-1.55036,14.851,-0.799
1649,14.8332,-0.800284,-1.55036,14.851,-0.799
1650,14.8332,-0.800284,-1.55036,14.851,-0.799
1651,14.829,-0.803015,-1.54995,14.851,-0.799
1652,14.829,-0.803015,-1.54995,14.851,-0.799
1653,14.829,-0.803015,-1.54995,14.851,-0.799
1654,14.8328,-0.806283,-1.55006,14.851,-0.809
1655,14.8328,-0.806283,-1.55006,14.851,-0.809
1656,14.8328,-0.806283,-1.55006,14.851,-0.809
1657,14.8328,-0.806283,-1.55006,14.851,-0.809
1658,14.8328,-0.806283,-1.55006,14.851,-0.809
1659,14.8328,-0.806283,-1.55006,14.851,-0.809
1660,14.8328,-0.806283,-1.55006,14.851,-0.809
1661,14.8328,-0.806283,-1.55006,14.851,-0.809
1662,14.8318,-0.810558,-1.54964,14.851,-0.809
1663,14.8318,-0.810558,-1.54964,14.851,-0.809
1664,14.8288,-0.814721,-1.54928,14.851,-0.819
