0,14.8411,-0.344319,1.5507,14.843,-0.599918,0.000486355
1,14.8412,-0.343949,1.55079,14.843,-0.599918,0.000385912
2,14.8412,-0.343949,1.55079,14.843,-0.599918,0.000385912
3,14.8412,-0.343949,1.55079,14.843,-0.599918,0.000385912
4,14.8412,-0.343949,1.55079,14.843,-0.599918,0.000385912
5,14.8412,-0.343949,1.55079,14.843,-0.599918,0.000385912
6,14.8412,-0.343949,1.55079,14.843,-0.599918,0.000385912
7,14.8412,-0.343949,1.55079,14.843,-0.599918,0.000385912
8,14.8406,-0.343784,1.5505,14.843,-0.599918,0.000983208
9,14.8406,-0.343784,1.5505,14.843,-0.599918,0.000983208
10,14.8406,-0.343784,1.5505,14.843,-0.599918,0.000983208
11,14.8406,-0.343784,1.5505,14.843,-0.599918,0.000983208
12,14.8419,-0.343804,1.55051,14.843,-0.599918,-0.000305427
13,14.8419,-0.343804,1.55051,14.843,-0.599918,-0.000305427
14,14.8419,-0.343804,1.55051,14.843,-0.599918,-0.000305427
15,14.8419,-0.343804,1.55051,14.843,-0.599918,-0.000305427
16,14.8405,-0.345049,1.55054,14.843,-0.599918,0.00110645
17,14.8405,-0.345049,1.55054,14.843,-0.599918,0.00110645
18,14.8405,-0.345049,1.55054,14.843,-0.599918,0.00110645
19,14.8405,-0.345049,1.55054,14.843,-0.599918,0.00110645
20,14.8405,-0.345049,1.55054,14.843,-0.599918,0.00110645
21,14.8417,-0.343841,1.55066,14.843,-0.599918,-0.000161711
22,14.8417,-0.343841,1.55066,14.843,-0.599918,-0.000161711
23,14.8417,-0.343841,1.55066,14.843,-0.599918,-0.000161711
24,14.8417,-0.343841,1.55066,14.843,-0.599918,-0.000161711
25,14.8417,-0.343841,1.55066,14.843,-0.599918,-0.000161711
26,14.8417,-0.343841,1.55066,14.843,-0.599918,-0.000161711
27,14.8422,-0.34419,1.55037,14.843,-0.599918,-0.000648025
28,14.8422,-0.34419,1.55037,14.843,-0.599918,-0.000648025
29,14.8422,-0.34419,1.55037,14.843,-0.599918,-0.000648025
30,14.8422,-0.34419,1.55037,14.843,-0.599918,-0.000648025
31,14.8422,-0.34419,1.55037,14.843,-0.599918,-0.000648025
32,14.8422,-0.34419,1.55037,14.843,-0.599918,-0.000648025
33,14.8426,-0.344202,1.55062,14.843,-0.599918,-0.00104755
34,14.8426,-0.344202,1.55062,14.843,-0.599918,-0.00104755
35,14.8426,-0.344202,1.55062,14.843,-0.599918,-0.00104755
36,14.8399,-0.345192,1.55055,14.843,-0.599918,0.00171746
37,14.8399,-0.345192,1.55055,14.843,-0.599918,0.00171746
38,14.8399,-0.345192,1.55055,14.843,-0.599918,0.00171746
39,14.8399,-0.345192,1.55055,14.843,-0.599918,0.00171746
40,14.8399,-0.345192,1.55055,14.843,-0.599918,0.00171746
41,14.8398,-0.344817,1.55042,14.843,-0.599918,0.00180931
42,14.8398,-0.344817,1.55042,14.843,-0.599918,0.00180931
43,14.8398,-0.344817,1.55042,14.843,-0.599918,0.00180931
44,14.8398,-0.344817,1.55042,14.843,-0.599918,0.00180931
45,14.8398,-0.344817,1.55042,14.843,-0.599918,0.00180931
46,14.8414,-0.344333,1.55059,14.843,-0.599918,0.000136992
47,14.8414,-0.344333,1.55059,14.843,-0.599918,0.000136992
48,14.8414,-0.344333,1.55059,14.843,-0.599918,0.000136992
49,14.8414,-0.344333,1.55059,14.843,-0.599918,0.000136992
50,14.8408,-0.344793,1.55068,14.843,-0.599918,0.000801511
51,14.8408,-0.344793,1.55068,14.843,-0.599918,0.000801511
52,14.8408,-0.344793,1.55068,14.843,-0.599918,0.000801511
53,14.8408,-0.344793,1.55068,14.843,-0.599918,0.000801511
54,14.8408,-0.344793,1.55068,14.843,-0.599918,0.000801511
55,14.8408,-0.344793,1.55068,14.843,-0.599918,0.000801511
56,14.8411,-0.344797,1.55036,14.843,-0.599918,0.00043491
57,14.8411,-0.344797,1.55036,14.843,-0.599918,0.00043491
58,14.8411,-0.344797,1.55036,14.843,-0.599918,0.00043491
59,14.8411,-0.344797,1.55036,14.843,-0.599918,0.00043491
60,14.8426,-0.34434,1.55046,14.843,-0.599918,-0.000969879
61,14.8426,-0.34434,1.55046,14.843,-0.599918,-0.000969879
62,14.8426,-0.34434,1.55046,14.843,-0.599918,-0.000969879
63,14.8426,-0.34434,1.55046,14.843,-0.599918,-0.000969879
64,14.8426,-0.34434,1.55046,14.843,-0.599918,-0.000969879
65,14.8426,-0.34434,1.55046,14.843,-0.599918,-0.000969879
66,14.8408,-0.34403,1.5506,14.843,-0.599918,0.000821627
67,14.8408,-0.34403,1.5506,14.843,-0.599918,0.000821627
68,14.8408,-0.34403,1.5506,14.843,-0.599918,0.000821627
69,14.8408,-0.34403,1.5506,14.843,-0.599918,0.000821627
70,14.8408,-0.34403,1.5506,14.843,-0.599918,0.000821627
71,14.841,-0.343765,1.5507,14.843,-0.599918,0.000554791
72,14.841,-0.343765,1.5507,14.843,-0.599918,0.000554791
73,14.841,-0.343765,1.5507,14.843,-0.599918,0.000554791
74,14.841,-0.343765,1.5507,14.843,-0.599918,0.000554791
75,14.8408,-0.343995,1.55072,14.843,-0.599918,0.000749454
76,14.8408,-0.343995,1.55072,14.843,-0.599918,0.000749454
77,14.8408,-0.343995,1.55072,14.843,-0.599918,0.000749454
78,14.8408,-0.343995,1.55072,14.843,-0.599918,0.000749454
79,14.8408,-0.343995,1.55072,14.843,-0.599918,0.000749454
80,14.8408,-0.343995,1.55072,14.843,-0.599918,0.000749454
81,14.8408,-0.343995,1.55072,14.843,-0.599918,0.000749454
82,14.841,-0.344411,1.55064,14.843,-0.599918,0.000591127
83,14.841,-0.344411,1.55064,14.843,-0.599918,0.000591127
84,14.841,-0.344411,1.55064,14.843,-0.599918,0.000591127
85,14.841,-0.344411,1.55064,14.843,-0.599918,0.000591127
86,14.8418,-0.345387,1.55042,14.843,-0.599918,-0.000235383
87,14.8418,-0.345387,1.55042,14.843,-0.599918,-0.000235383
88,14.8418,-0.345387,1.55042,14.843,-0.599918,-0.000235383
89,14.8418,-0.345387,1.55042,14.843,-0.599918,-0.000235383
90,14.8382,-0.344657,1.55053,14.843,-0.599918,0.00334615
91,14.8382,-0.344657,1.55053,14.843,-0.599918,0.00334615
92,14.8382,-0.344657,1.55053,14.843,-0.599918,0.00334615
93,14.8382,-0.344657,1.55053,14.843,-0.599918,0.00334615
94,14.8382,-0.344657,1.55053,14.843,-0.599918,0.00334615
95,14.8382,-0.344657,1.55053,14.843,-0.599918,0.00334615
96,14.8393,-0.345101,1.55044,14.843,-0.599918,0.00223941
97,14.8393,-0.345101,1.55044,14.843,-0.599918,0.00223941
98,14.8393,-0.345101,1.55044,14.843,-0.599918,0.00223941
99,14.8393,-0.345101,1.55044,14.843,-0.599918,0.00223941
100,14.8393,-0.345101,1.55044,14.843,-0.599918,0.00223941
101,14.8387,-0.345508,1.55065,14.843,-0.599918,0.00291376
102,14.8387,-0.345508,1.55065,14.843,-0.599918,0.00291376
103,14.8387,-0.345508,1.55065,14.843,-0.599918,0.00291376
104,14.8387,-0.345508,1.55065,14.843,-0.599918,0.00291376
105,14.8424,-0.343874,1.5505,14.843,-0.599918,-0.00081516
106,14.8424,-0.343874,1.5505,14.843,-0.599918,-0.00081516
107,14.8424,-0.343874,1.5505,14.843,-0.599918,-0.00081516
108,14.8424,-0.343874,1.5505,14.843,-0.599918,-0.00081516
109,14.8424,-0.343874,1.5505,14.843,-0.599918,-0.00081516
110,14.8424,-0.343874,1.5505,14.843,-0.599918,-0.00081516
111,14.8392,-0.345837,1.55047,14.843,-0.599918,0.0023982
112,14.8392,-0.345837,1.55047,14.843,-0.599918,0.0023982
113,14.8392,-0.345837,1.55047,14.843,-0.599918,0.0023982
114,14.8392,-0.345837,1.55047,14.843,-0.599918,0.0023982
115,14.8392,-0.345837,1.55047,14.843,-0.599918,0.0023982
116,14.8378,-0.345236,1.55032,14.843,-0.599918,0.00382439
117,14.8378,-0.345236,1.55032,14.843,-0.599918,0.00382439
118,14.8378,-0.345236,1.55032,14.843,-0.599918,0.00382439
119,14.8378,-0.345236,1.55032,14.843,-0.599918,0.00382439
120,14.841,-0.343398,1.55062,14.843,-0.599918,0.000609644
121,14.841,-0.343398,1.55062,14.843,-0.599918,0.000609644
122,14.841,-0.343398,1.55062,14.843,-0.599918,0.000609644
123,14.841,-0.343398,1.55062,14.843,-0.599918,0.000609644
124,14.841,-0.343398,1.55062,14.843,-0.599918,0.000609644
125,14.841,-0.343398,1.55062,14.843,-0.599918,0.000609644
126,14.8409,-0.345194,1.55054,14.843,-0.599918,0.000649713
127,14.8409,-0.345194,1.55054,14.843,-0.599918,0.000649713
128,14.8409,-0.345194,1.55054,14.843,-0.599918,0.000649713
129,14.8409,-0.345194,1.55054,14.843,-0.599918,0.000649713
130,14.8409,-0.345194,1.55054,14.843,-0.599918,0.000649713
131,14.8409,-0.34374,1.55092,14.843,-0.599918,0.000704304
132,14.8409,-0.34374,1.55092,14.843,-0.599918,0.000704304
133,14.8409,-0.34374,1.55092,14.843,-0.599918,0.000704304
134,14.8409,-0.34374,1.55092,14.843,-0.599918,0.000704304
135,14.8398,-0.343702,1.55082,14.843,-0.599918,0.00175294
136,14.8398,-0.343702,1.55082,14.843,-0.599918,0.00175294
137,14.8398,-0.343702,1.55082,14.843,-0.599918,0.00175294
138,14.8398,-0.343702,1.55082,14.843,-0.599918,0.00175294
139,14.8398,-0.343702,1.55082,14.843,-0.599918,0.00175294
140,14.8422,-0.343975,1.55041,14.843,-0.599918,-0.00059779
141,14.8422,-0.343975,1.55041,14.843,-0.599918,-0.00059779
142,14.8422,-0.343975,1.55041,14.843,-0.599918,-0.00059779
143,14.8422,-0.343975,1.55041,14.843,-0.599918,-0.00059779
144,14.8422,-0.343975,1.55041,14.843,-0.599918,-0.00059779
145,14.8422,-0.343975,1.55041,14.843,-0.599918,-0.00059779
146,14.8404,-0.344769,1.55066,14.843,-0.599918,-0.00059779
147,14.8404,-0.344769,1.55066,14.843,-0.599918,0.00122713
148,14.8404,-0.344769,1.55066,14.843,-0.599918,0.00122713
149,14.8404,-0.344769,1.55066,14.843,-0.599918,0.00122713
150,14.8404,-0.344769,1.55066,14.843,-0.599918,0.00122713
151,14.8399,-0.344625,1.55076,14.843,-0.599918,0.00168999
152,14.8399,-0.344625,1.55076,14.843,-0.599918,0.00168999
153,14.8399,-0.344625,1.55076,14.843,-0.599918,0.00168999
154,14.8399,-0.344625,1.55076,14.843,-0.599918,0.00168999
155,14.8426,-0.344431,1.5506,14.843,-0.599918,-0.000982646
156,14.8426,-0.344431,1.5506,14.843,-0.599918,-0.000982646
157,14.8426,-0.344431,1.5506,14.843,-0.599918,-0.000982646
158,14.8426,-0.344431,1.5506,14.843,-0.599918,-0.000982646
159,14.8426,-0.344431,1.5506,14.843,-0.599918,-0.000982646
160,14.8426,-0.344431,1.5506,14.843,-0.599918,-0.000982646
161,14.8397,-0.343732,1.55075,14.843,-0.599918,0.00188528
162,14.8397,-0.343732,1.55075,14.843,-0.599918,0.00188528
163,14.8397,-0.343732,1.55075,14.843,-0.599918,0.00188528
164,14.8397,-0.343732,1.55075,14.843,-0.599918,0.00188528
165,14.8397,-0.343732,1.55075,14.843,-0.599918,0.00188528
166,14.8407,-0.343755,1.55077,14.843,-0.599918,0.000896948
167,14.8407,-0.343755,1.55077,14.843,-0.599918,0.000896948
168,14.8407,-0.343755,1.55077,14.843,-0.599918,0.000896948
169,14.8407,-0.343755,1.55077,14.843,-0.599918,0.000896948
170,14.841,-0.343489,1.55053,14.843,-0.599918,0.000543201
171,14.841,-0.343489,1.55053,14.843,-0.599918,0.000543201
172,14.841,-0.343489,1.55053,14.843,-0.599918,0.000543201
173,14.841,-0.343489,1.55053,14.843,-0.599918,0.000543201
174,14.841,-0.343489,1.55053,14.843,-0.599918,0.000543201
175,14.841,-0.343489,1.55053,14.843,-0.599918,0.000543201
176,14.839,-0.345261,1.55052,14.843,-0.599918,0.0025452
177,14.839,-0.345261,1.55052,14.843,-0.599918,0.0025452
178,14.839,-0.345261,1.55052,14.843,-0.599918,0.0025452
179,14.839,-0.345261,1.55052,14.843,-0.599918,0.0025452
180,14.839,-0.345261,1.55052,14.843,-0.599918,0.0025452
181,14.8388,-0.344685,1.55073,14.843,-0.599918,0.00276326
182,14.8388,-0.344685,1.55073,14.843,-0.599918,0.00276326
183,14.8388,-0.344685,1.55073,14.843,-0.599918,0.00276326
184,14.8388,-0.344685,1.55073,14.843,-0.599918,0.00276326
185,14.844,-0.343826,1.55076,14.843,-0.599918,-0.00239964
186,14.844,-0.343826,1.55076,14.843,-0.599918,-0.00239964
187,14.844,-0.343826,1.55076,14.843,-0.599918,-0.00239964
188,14.844,-0.343826,1.55076,14.843,-0.599918,-0.00239964
189,14.844,-0.343826,1.55076,14.843,-0.599918,-0.00239964
190,14.844,-0.343826,1.55076,14.843,-0.599918,-0.00239964
191,14.8386,-0.343777,1.55046,14.843,-0.599918,0.00296511
192,14.8386,-0.343777,1.55046,14.843,-0.599918,0.00296511
193,14.8386,-0.343777,1.55046,14.843,-0.599918,0.00296511
194,14.8386,-0.343777,1.55046,14.843,-0.599918,0.00296511
195,14.8403,-0.344085,1.5506,14.843,-0.599918,0.00132148
196,14.8403,-0.344085,1.5506,14.843,-0.599918,0.00132148
197,14.8403,-0.344085,1.5506,14.843,-0.599918,0.00132148
198,14.8403,-0.344085,1.5506,14.843,-0.599918,0.00132148
199,14.8403,-0.344085,1.5506,14.843,-0.599918,0.00132148
200,14.8403,-0.344085,1.5506,14.843,-0.599918,0.00132148
201,14.8426,-0.344241,1.5504,14.843,-0.599918,-0.00099201
202,14.8426,-0.344241,1.5504,14.843,-0.599918,-0.00099201
203,14.8426,-0.344241,1.5504,14.843,-0.599918,-0.00099201
204,14.8426,-0.344241,1.5504,14.843,-0.599918,-0.00099201
205,14.8394,-0.343797,1.55054,14.843,-0.599918,0.00221561
206,14.8394,-0.343797,1.55054,14.843,-0.599918,0.00221561
207,14.8394,-0.343797,1.55054,14.843,-0.599918,0.00221561
208,14.8394,-0.343797,1.55054,14.843,-0.599918,0.00221561
209,14.8394,-0.343797,1.55054,14.843,-0.599918,0.00221561
210,14.8394,-0.343797,1.55054,14.843,-0.599918,0.00221561
211,14.8415,-0.345098,1.55028,14.843,-0.599918,7.53462e-05
212,14.8415,-0.345098,1.55028,14.843,-0.599918,7.53462e-05
213,14.8415,-0.345098,1.55028,14.843,-0.599918,7.53462e-05
214,14.8415,-0.345098,1.55028,14.843,-0.599918,7.53462e-05
215,14.8415,-0.345098,1.55028,14.843,-0.599918,7.53462e-05
216,14.8405,-0.344122,1.55045,14.843,-0.599918,0.00103505
217,14.8405,-0.344122,1.55045,14.843,-0.599918,0.00103505
218,14.8405,-0.344122,1.55045,14.843,-0.599918,0.00103505
219,14.8405,-0.344122,1.55045,14.843,-0.599918,0.00103505
220,14.8404,-0.344563,1.55076,14.843,-0.599918,0.00116214
221,14.8404,-0.344563,1.55076,14.843,-0.599918,0.00116214
222,14.8404,-0.344563,1.55076,14.843,-0.599918,0.00116214
223,14.8404,-0.344563,1.55076,14.843,-0.599918,0.00116214
224,14.8404,-0.344563,1.55076,14.843,-0.599918,0.00116214
225,14.8404,-0.344563,1.55076,14.843,-0.599918,0.00116214
226,14.8415,-0.343784,1.55105,14.843,-0.599918,7.46838e-05
227,14.8415,-0.343784,1.55105,14.843,-0.599918,7.46838e-05
228,14.8415,-0.343784,1.55105,14.843,-0.599918,7.46838e-05
229,14.8415,-0.343784,1.55105,14.843,-0.599918,7.46838e-05
230,14.8415,-0.343784,1.55105,14.843,-0.599918,7.46838e-05
231,14.8429,-0.345461,1.55031,14.843,-0.599918,-0.00135841
232,14.8429,-0.345461,1.55031,14.843,-0.599918,-0.00135841
233,14.8429,-0.345461,1.55031,14.843,-0.599918,-0.00135841
234,14.8429,-0.345461,1.55031,14.843,-0.599918,-0.00135841
235,14.8402,-0.343598,1.55082,14.843,-0.599918,0.00136297
236,14.8402,-0.343598,1.55082,14.843,-0.599918,0.00136297
237,14.8402,-0.343598,1.55082,14.843,-0.599918,0.00136297
238,14.8402,-0.343598,1.55082,14.843,-0.599918,0.00136297
239,14.8402,-0.343598,1.55082,14.843,-0.599918,0.00136297
240,14.8402,-0.343598,1.55082,14.843,-0.599918,0.00136297
241,14.8402,-0.343598,1.55082,14.843,-0.599918,0.00136297
242,14.841,-0.344232,1.55073,14.843,-0.599918,0.00061295
243,14.841,-0.344232,1.55073,14.843,-0.599918,0.00061295
244,14.841,-0.344232,1.55073,14.843,-0.599918,0.00061295
245,14.841,-0.344232,1.55073,14.843,-0.599918,0.00061295
246,14.8419,-0.344171,1.5503,14.843,-0.599918,-0.00034313
247,14.8419,-0.344171,1.5503,14.843,-0.599918,-0.00034313
248,14.8419,-0.344171,1.5503,14.843,-0.599918,-0.00034313
249,14.8419,-0.344171,1.5503,14.843,-0.599918,-0.00034313
250,14.8396,-0.345467,1.55064,14.843,-0.599918,0.002
251,14.8396,-0.345467,1.55064,14.843,-0.599918,0.002
252,14.8396,-0.345467,1.55064,14.843,-0.599918,0.002
253,14.8396,-0.345467,1.55064,14.843,-0.599918,0.002
254,14.8396,-0.345467,1.55064,14.843,-0.599918,0.002
255,14.8396,-0.345467,1.55064,14.843,-0.599918,0.002
256,14.8396,-0.345467,1.55064,14.843,-0.599918,0.002
257,14.841,-0.343659,1.55081,14.843,-0.599918,0.000553968
258,14.841,-0.343659,1.55081,14.843,-0.599918,0.000553968
259,14.841,-0.343659,1.55081,14.843,-0.599918,0.000553968
260,14.841,-0.343659,1.55081,14.843,-0.599918,0.000553968
261,14.8396,-0.345356,1.55054,14.843,-0.599918,0.00197293
262,14.8396,-0.345356,1.55054,14.843,-0.599918,0.00197293
263,14.8396,-0.345356,1.55054,14.843,-0.599918,0.00197293
264,14.8396,-0.345356,1.55054,14.843,-0.599918,0.00197293
265,14.8425,-0.343066,1.55064,14.843,-0.599918,-0.000888346
266,14.8425,-0.343066,1.55064,14.843,-0.599918,-0.000888346
267,14.8425,-0.343066,1.55064,14.843,-0.599918,-0.000888346
268,14.8425,-0.343066,1.55064,14.843,-0.599918,-0.000888346
269,14.8409,-0.344461,1.55066,14.843,-0.599918,0.000721055
270,14.8409,-0.344461,1.55066,14.843,-0.599918,0.000721055
271,14.8409,-0.344461,1.55066,14.843,-0.599918,0.000721055
272,14.8409,-0.344461,1.55066,14.843,-0.599918,0.000721055
273,14.8409,-0.344461,1.55066,14.843,-0.599918,0.000721055
274,14.8409,-0.344461,1.55066,14.843,-0.599918,0.000721055
275,14.8398,-0.344921,1.55052,14.843,-0.599918,0.00178299
276,14.8398,-0.344921,1.55052,14.843,-0.599918,0.00178299
277,14.8398,-0.344921,1.55052,14.843,-0.599918,0.00178299
278,14.8395,-0.344371,1.55031,14.843,-0.599918,0.00203804
279,14.8395,-0.344371,1.55031,14.843,-0.599918,0.00203804
280,14.8395,-0.344371,1.55031,14.843,-0.599918,0.00203804
281,14.8395,-0.344371,1.55031,14.843,-0.599918,0.00203804
282,14.8395,-0.344371,1.55031,14.843,-0.599918,0.00203804
283,14.8395,-0.344371,1.55031,14.843,-0.599918,0.00203804
284,14.8399,-0.34431,1.55059,14.843,-0.599918,0.00167343
285,14.8399,-0.34431,1.55059,14.843,-0.599918,0.00167343
286,14.8399,-0.34431,1.55059,14.843,-0.599918,0.00167343
287,14.8399,-0.34431,1.55059,14.843,-0.599918,0.00167343
288,14.8403,-0.344424,1.55084,14.843,-0.599918,0.00125999
289,14.8403,-0.344424,1.55084,14.843,-0.599918,0.00125999
290,14.8403,-0.344424,1.55084,14.843,-0.599918,0.00125999
291,14.8403,-0.344424,1.55084,14.843,-0.599918,0.00125999
292,14.8403,-0.344424,1.55084,14.843,-0.599918,0.00125999
293,14.8403,-0.344424,1.55084,14.843,-0.599918,0.00125999
294,14.841,-0.34399,1.55077,14.843,-0.599918,0.000588996
295,14.841,-0.34399,1.55077,14.843,-0.599918,0.000588996
296,14.841,-0.34399,1.55077,14.843,-0.599918,0.000588996
297,14.841,-0.34399,1.55077,14.843,-0.599918,0.000588996
298,14.8406,-0.344671,1.55028,14.843,-0.599918,0.00102652
299,14.8406,-0.344671,1.55028,14.843,-0.599918,0.00102652
300,14.8406,-0.344671,1.55028,14.843,-0.599918,0.00102652
301,14.8406,-0.344671,1.55028,14.843,-0.599918,0.00102652
302,14.8406,-0.344671,1.55028,14.843,-0.599918,0.00102652
303,14.8406,-0.344671,1.55028,14.843,-0.599918,0.00102652
304,14.8414,-0.3437,1.55059,14.843,-0.599918,0.000138024
305,14.8414,-0.3437,1.55059,14.843,-0.599918,0.000138024
306,14.8414,-0.3437,1.55059,14.843,-0.599918,0.000138024
307,14.8414,-0.3437,1.55059,14.843,-0.599918,0.000138024
308,14.8419,-0.344042,1.55054,14.843,-0.599918,-0.000270438
309,14.8419,-0.344042,1.55054,14.843,-0.599918,-0.000270438
310,14.8419,-0.344042,1.55054,14.843,-0.599918,-0.000270438
311,14.8419,-0.344042,1.55054,14.843,-0.599918,-0.000270438
312,14.8419,-0.344042,1.55054,14.843,-0.599918,-0.000270438
313,14.8398,-0.344615,1.55036,14.843,-0.599918,0.00177214
314,14.8398,-0.344615,1.55036,14.843,-0.599918,0.00177214
315,14.8398,-0.344615,1.55036,14.843,-0.599918,0.00177214
316,14.8398,-0.344615,1.55036,14.843,-0.599918,0.00177214
317,14.8398,-0.344615,1.55036,14.843,-0.599918,0.00177214
318,14.8402,-0.345537,1.5507,14.843,-0.599918,0.00143475
319,14.8402,-0.345537,1.5507,14.843,-0.599918,0.00143475
320,14.8402,-0.345537,1.5507,14.843,-0.599918,0.00143475
321,14.8402,-0.345537,1.5507,14.843,-0.599918,0.00143475
322,14.8404,-0.344316,1.55062,14.843,-0.599918,0.00119315
323,14.8404,-0.344316,1.55062,14.843,-0.599918,0.00119315
324,14.8404,-0.344316,1.55062,14.843,-0.599918,0.00119315
325,14.8404,-0.344316,1.55062,14.843,-0.599918,0.00119315
326,14.8404,-0.344316,1.55062,14.843,-0.599918,0.00119315
327,14.8404,-0.344316,1.55062,14.843,-0.599918,0.00119315
328,14.8386,-0.344139,1.5503,14.843,-0.599918,0.00295899
329,14.8386,-0.344139,1.5503,14.843,-0.599918,0.00295899
330,14.8386,-0.344139,1.5503,14.843,-0.599918,0.00295899
331,14.8386,-0.344139,1.5503,14.843,-0.599918,0.00295899
332,14.8386,-0.344139,1.5503,14.843,-0.599918,0.00295899
333,14.84,-0.344404,1.55082,14.843,-0.599918,0.00156267
334,14.84,-0.344404,1.55082,14.843,-0.599918,0.00156267
335,14.84,-0.344404,1.55082,14.843,-0.599918,0.00156267
336,14.84,-0.344404,1.55082,14.843,-0.599918,0.00156267
337,14.84,-0.344404,1.55082,14.843,-0.599918,0.00156267
338,14.8419,-0.34428,1.55029,14.843,-0.599918,-0.000368438
339,14.8419,-0.34428,1.55029,14.843,-0.599918,-0.000368438
340,14.8419,-0.34428,1.55029,14.843,-0.599918,-0.000368438
341,14.8419,-0.34428,1.55029,14.843,-0.599918,-0.000368438
342,14.8419,-0.34428,1.55029,14.843,-0.599918,-0.000368438
343,14.8399,-0.343372,1.55059,14.843,-0.599918,0.00164897
344,14.8399,-0.343372,1.55059,14.843,-0.599918,0.00164897
345,14.8399,-0.343372,1.55059,14.843,-0.599918,0.00164897
346,14.8399,-0.343372,1.55059,14.843,-0.599918,0.00164897
347,14.8399,-0.343372,1.55059,14.843,-0.599918,0.00164897
348,14.8409,-0.344257,1.55037,14.843,-0.599918,0.00068794
349,14.8409,-0.344257,1.55037,14.843,-0.599918,0.00068794
350,14.8409,-0.344257,1.55037,14.843,-0.599918,0.00068794
351,14.8409,-0.344257,1.55037,14.843,-0.599918,0.00068794
352,14.8409,-0.344257,1.55037,14.843,-0.599918,0.00068794
353,14.8409,-0.344257,1.55037,14.843,-0.599918,0.00068794
354,14.8422,-0.343647,1.55073,14.843,-0.599918,-0.000612886
355,14.8422,-0.343647,1.55073,14.843,-0.599918,-0.000612886
356,14.8422,-0.343647,1.55073,14.843,-0.599918,-0.000612886
357,14.8422,-0.343647,1.55073,14.843,-0.599918,-0.000612886
358,14.8388,-0.344807,1.55026,14.843,-0.599918,0.00278389
359,14.8388,-0.344807,1.55026,14.843,-0.599918,0.00278389
360,14.8388,-0.344807,1.55026,14.843,-0.599918,0.00278389
361,14.8388,-0.344807,1.55026,14.843,-0.599918,0.00278389
362,14.8388,-0.344807,1.55026,14.843,-0.599918,0.00278389
363,14.8414,-0.343998,1.55092,14.843,-0.599918,0.000136083
364,14.8414,-0.343998,1.55092,14.843,-0.599918,0.000136083
365,14.8414,-0.343998,1.55092,14.843,-0.599918,0.000136083
366,14.8414,-0.343998,1.55092,14.843,-0.599918,0.000136083
367,14.8414,-0.343998,1.55092,14.843,-0.599918,0.000136083
368,14.8414,-0.343998,1.55092,14.843,-0.599918,0.000136083
369,14.8416,-0.344218,1.55043,14.843,-0.599918,1.72382e-06
370,14.8416,-0.344218,1.55043,14.843,-0.599918,1.72382e-06
371,14.8416,-0.344218,1.55043,14.843,-0.599918,1.72382e-06
372,14.8416,-0.344218,1.55043,14.843,-0.599918,1.72382e-06
373,14.8409,-0.344603,1.55034,14.843,-0.599918,0.000642133
374,14.8409,-0.344603,1.55034,14.843,-0.599918,0.000642133
375,14.8409,-0.344603,1.55034,14.843,-0.599918,0.000642133
376,14.8409,-0.344603,1.55034,14.843,-0.599918,0.000642133
377,14.8409,-0.344603,1.55034,14.843,-0.599918,0.000642133
378,14.8409,-0.344603,1.55034,14.843,-0.599918,0.000642133
379,14.8391,-0.344786,1.55083,14.843,-0.599918,0.00250782
380,14.8391,-0.344786,1.55083,14.843,-0.599918,0.00250782
381,14.8391,-0.344786,1.55083,14.843,-0.599918,0.00250782
382,14.8391,-0.344786,1.55083,14.843,-0.599918,0.00250782
383,14.8421,-0.343666,1.55081,14.843,-0.599918,-0.000568549
384,14.8421,-0.343666,1.55081,14.843,-0.599918,-0.000568549
385,14.8421,-0.343666,1.55081,14.843,-0.599918,-0.000568549
386,14.8421,-0.343666,1.55081,14.843,-0.599918,-0.000568549
387,14.8421,-0.343666,1.55081,14.843,-0.599918,-0.000568549
388,14.8387,-0.344577,1.55061,14.843,-0.599918,0.00289202
389,14.8387,-0.344577,1.55061,14.843,-0.599918,0.00289202
390,14.8387,-0.344577,1.55061,14.843,-0.599918,0.00289202
391,14.8387,-0.344577,1.55061,14.843,-0.599918,0.00289202
392,14.8387,-0.344577,1.55061,14.843,-0.599918,0.00289202
393,14.8387,-0.344577,1.55061,14.843,-0.599918,0.00289202
394,14.8387,-0.344577,1.55061,14.843,-0.599918,0.00289202
395,14.8387,-0.344577,1.55061,14.843,-0.599918,0.00289202
396,14.8396,-0.344239,1.55047,14.843,-0.599918,0.00197494
397,14.8396,-0.344239,1.55047,14.843,-0.599918,0.00197494
398,14.8396,-0.344239,1.55047,14.843,-0.599918,0.00197494
399,14.8422,-0.343746,1.55056,14.843,-0.599918,-0.000596227
400,14.8422,-0.343746,1.55056,14.843,-0.599918,-0.000596227
401,14.8422,-0.343746,1.55056,14.843,-0.599918,-0.000596227
402,14.8422,-0.343746,1.55056,14.843,-0.599918,-0.000596227
403,14.8422,-0.343746,1.55056,14.843,-0.599918,-0.000596227
404,14.8403,-0.344471,1.55073,14.843,-0.599918,0.00133215
405,14.8403,-0.344471,1.55073,14.843,-0.599918,0.00133215
406,14.8403,-0.344471,1.55073,14.843,-0.599918,0.00133215
407,14.8403,-0.344471,1.55073,14.843,-0.599918,0.00133215
408,14.8403,-0.344471,1.55073,14.843,-0.599918,0.00133215
409,14.8403,-0.344471,1.55073,14.843,-0.599918,0.00133215
410,14.8391,-0.345054,1.55059,14.843,-0.599918,0.00243876
411,14.8391,-0.345054,1.55059,14.843,-0.599918,0.00243876
412,14.8391,-0.345054,1.55059,14.843,-0.599918,0.00243876
413,14.8391,-0.345054,1.55059,14.843,-0.599918,0.00243876
414,14.8391,-0.345054,1.55059,14.843,-0.599918,0.00243876
415,14.8399,-0.343358,1.55087,14.843,-0.599918,0.00163286
416,14.8399,-0.343358,1.55087,14.843,-0.599918,0.00163286
417,14.8399,-0.343358,1.55087,14.843,-0.599918,0.00163286
418,14.8399,-0.343358,1.55087,14.843,-0.599918,0.00163286
419,14.8399,-0.343358,1.55087,14.843,-0.599918,0.00163286
420,14.8399,-0.343358,1.55087,14.843,-0.599918,0.00163286
421,14.839,-0.344601,1.55039,14.843,-0.599918,0.00262961
422,14.839,-0.344601,1.55039,14.843,-0.599918,0.00262961
423,14.839,-0.344601,1.55039,14.843,-0.599918,0.00262961
424,14.839,-0.344601,1.55039,14.843,-0.599918,0.00262961
425,14.8398,-0.34478,1.54992,14.843,-0.599918,0.00178904
426,14.8398,-0.34478,1.54992,14.843,-0.599918,0.00178904
427,14.8398,-0.34478,1.54992,14.843,-0.599918,0.00178904
428,14.8398,-0.34478,1.54992,14.843,-0.599918,0.00178904
429,14.8398,-0.34478,1.54992,14.843,-0.599918,0.00178904
430,14.8396,-0.344962,1.55075,14.843,-0.599918,0.00203473
431,14.8396,-0.344962,1.55075,14.843,-0.599918,0.00203473
432,14.8396,-0.344962,1.55075,14.843,-0.599918,0.00203473
433,14.8396,-0.344962,1.55075,14.843,-0.599918,0.00203473
434,14.8396,-0.344962,1.55075,14.843,-0.599918,0.00203473
435,14.8396,-0.344962,1.55075,14.843,-0.599918,0.00203473
436,14.8397,-0.345029,1.55035,14.843,-0.599918,0.00188059
437,14.8397,-0.345029,1.55035,14.843,-0.599918,0.00188059
438,14.8397,-0.345029,1.55035,14.843,-0.599918,0.00188059
439,14.8397,-0.345029,1.55035,14.843,-0.599918,0.00188059
440,14.843,-0.343937,1.55041,14.843,-0.599918,-0.00146547
441,14.843,-0.343937,1.55041,14.843,-0.599918,-0.00146547
442,14.843,-0.343937,1.55041,14.843,-0.599918,-0.00146547
443,14.843,-0.343937,1.55041,14.843,-0.599918,-0.00146547
444,14.843,-0.343937,1.55041,14.843,-0.599918,-0.00146547
445,14.843,-0.343937,1.55041,14.843,-0.599918,-0.00146547
446,14.843,-0.343937,1.55041,14.843,-0.599918,-0.00146547
447,14.8386,-0.344912,1.55046,14.843,-0.599918,0.00302998
448,14.8386,-0.344912,1.55046,14.843,-0.599918,0.00302998
449,14.8386,-0.344912,1.55046,14.843,-0.599918,0.00302998
450,14.8387,-0.345066,1.55061,14.843,-0.599918,0.0028444
451,14.8387,-0.345066,1.55061,14.843,-0.599918,0.0028444
452,14.8387,-0.345066,1.55061,14.843,-0.599918,0.0028444
453,14.8387,-0.345066,1.55061,14.843,-0.599918,0.0028444
454,14.8387,-0.345066,1.55061,14.843,-0.599918,0.0028444
455,14.8387,-0.345066,1.55061,14.843,-0.599918,0.0028444
456,14.8387,-0.345066,1.55061,14.843,-0.599918,0.0028444
457,14.8402,-0.344795,1.55054,14.843,-0.599918,0.00141222
458,14.8402,-0.344795,1.55054,14.843,-0.599918,0.00141222
459,14.8402,-0.344795,1.55054,14.843,-0.599918,0.00141222
460,14.8402,-0.344795,1.55054,14.843,-0.599918,0.00141222
461,14.844,-0.34393,1.55047,14.843,-0.599918,-0.0024237
462,14.844,-0.34393,1.55047,14.843,-0.599918,-0.0024237
463,14.844,-0.34393,1.55047,14.843,-0.599918,-0.0024237
464,14.844,-0.34393,1.55047,14.843,-0.599918,-0.0024237
465,14.84,-0.344029,1.55038,14.843,-0.599918,0.00157854
466,14.84,-0.344029,1.55038,14.843,-0.599918,0.00157854
467,14.84,-0.344029,1.55038,14.843,-0.599918,0.00157854
468,14.84,-0.344029,1.55038,14.843,-0.599918,0.00157854
469,14.84,-0.344029,1.55038,14.843,-0.599918,0.00157854
470,14.8391,-0.344867,1.55023,14.843,-0.599918,0.00252345
471,14.8391,-0.344867,1.55023,14.843,-0.599918,0.00252345
472,14.8391,-0.344867,1.55023,14.843,-0.599918,0.00252345
473,14.8391,-0.344867,1.55023,14.843,-0.599918,0.00252345
474,14.8396,-0.343546,1.55035,14.843,-0.599918,0.00197541
475,14.8396,-0.343546,1.55035,14.843,-0.599918,0.00197541
476,14.8396,-0.343546,1.55035,14.843,-0.599918,0.00197541
477,14.8396,-0.343546,1.55035,14.843,-0.599918,0.00197541
478,14.8396,-0.343546,1.55035,14.843,-0.599918,0.00197541
479,14.8396,-0.343546,1.55035,14.843,-0.599918,0.00197541
480,14.8396,-0.343546,1.55035,14.843,-0.599918,0.00197541
481,14.8409,-0.343888,1.55061,14.843,-0.599918,0.000674849
482,14.8409,-0.343888,1.55061,14.843,-0.599918,0.000674849
483,14.8409,-0.343888,1.55061,14.843,-0.599918,0.000674849
484,14.8413,-0.344673,1.55038,14.843,-0.599918,0.00025353
485,14.8413,-0.344673,1.55038,14.843,-0.599918,0.00025353
486,14.8413,-0.344673,1.55038,14.843,-0.599918,0.00025353
487,14.8413,-0.344673,1.55038,14.843,-0.599918,0.00025353
488,14.8413,-0.344673,1.55038,14.843,-0.599918,0.00025353
489,14.8393,-0.345256,1.55057,14.843,-0.599918,0.00231701
490,14.8393,-0.345256,1.55057,14.843,-0.599918,0.00231701
491,14.8393,-0.345256,1.55057,14.843,-0.599918,0.00231701
492,14.8393,-0.345256,1.55057,14.843,-0.599918,0.00231701
493,14.8394,-0.344796,1.55029,14.843,-0.599918,0.00223118
494,14.8394,-0.344796,1.55029,14.843,-0.599918,0.00223118
495,14.8394,-0.344796,1.55029,14.843,-0.599918,0.00223118
496,14.8394,-0.344796,1.55029,14.843,-0.599918,0.00223118
497,14.8394,-0.344796,1.55029,14.843,-0.599918,0.00223118
498,14.8394,-0.344796,1.55029,14.843,-0.599918,0.00223118
499,14.8394,-0.344796,1.55029,14.843,-0.599918,0.00223118
500,14.8419,-0.342594,1.55066,14.843,-0.599918,-0.000372216
501,14.8419,-0.342594,1.55066,14.843,-0.599918,-0.000372216
502,14.8411,-0.344584,1.55076,14.843,-0.599918,-0.000372216
503,14.8411,-0.344584,1.55076,14.843,-0.599918,0.000510852
504,14.8411,-0.344584,1.55076,14.843,-0.599918,0.000510852
505,14.8411,-0.344584,1.55076,14.843,-0.599918,0.000510852
506,14.8411,-0.344584,1.55076,14.843,-0.599918,0.000510852
507,14.8411,-0.344584,1.55076,14.843,-0.599918,0.000510852
508,14.841,-0.343398,1.55067,14.843,-0.599918,0.000531529
509,14.841,-0.343398,1.55067,14.843,-0.599918,0.000531529
510,14.841,-0.343398,1.55067,14.843,-0.599918,0.000531529
511,14.841,-0.343398,1.55067,14.843,-0.599918,0.000531529
512,14.841,-0.343398,1.55067,14.843,-0.599918,0.000531529
513,14.841,-0.343398,1.55067,14.843,-0.599918,0.000531529
514,14.841,-0.343398,1.55067,14.843,-0.599918,0.000531529
515,14.8385,-0.34559,1.55031,14.843,-0.599918,0.00306904
516,14.8385,-0.34559,1.55031,14.843,-0.599918,0.00306904
517,14.8385,-0.34559,1.55031,14.843,-0.599918,0.00306904
518,14.8385,-0.34559,1.55031,14.843,-0.599918,0.00306904
519,14.8396,-0.344176,1.55077,14.843,-0.599918,0.001998
520,14.8396,-0.344176,1.55077,14.843,-0.599918,0.001998
521,14.8396,-0.344176,1.55077,14.843,-0.599918,0.001998
522,14.8396,-0.344176,1.55077,14.843,-0.599918,0.001998
523,14.8409,-0.344126,1.55042,14.843,-0.599918,0.000661233
524,14.8409,-0.344126,1.55042,14.843,-0.599918,0.000661233
525,14.8409,-0.344126,1.55042,14.843,-0.599918,0.000661233
526,14.8409,-0.344126,1.55042,14.843,-0.599918,0.000661233
527,14.8409,-0.344126,1.55042,14.843,-0.599918,0.000661233
528,14.8402,-0.344463,1.55079,14.843,-0.599918,0.00140105
529,14.8402,-0.344463,1.55079,14.843,-0.599918,0.00140105
530,14.8402,-0.344463,1.55079,14.843,-0.599918,0.00140105
531,14.8402,-0.344463,1.55079,14.843,-0.599918,0.00140105
532,14.8402,-0.344463,1.55079,14.843,-0.599918,0.00140105
533,14.8402,-0.344463,1.55079,14.843,-0.599918,0.00140105
534,14.8414,-0.344561,1.55052,14.843,-0.599918,0.000148224
535,14.8414,-0.344561,1.55052,14.843,-0.599918,0.000148224
536,14.8414,-0.344561,1.55052,14.843,-0.599918,0.000148224
537,14.8414,-0.344561,1.55052,14.843,-0.599918,0.000148224
538,14.839,-0.344309,1.55025,14.843,-0.599918,0.00255752
539,14.839,-0.344309,1.55025,14.843,-0.599918,0.00255752
540,14.839,-0.344309,1.55025,14.843,-0.599918,0.00255752
541,14.839,-0.344309,1.55025,14.843,-0.599918,0.00255752
542,14.839,-0.344309,1.55025,14.843,-0.599918,0.00255752
543,14.839,-0.344309,1.55025,14.843,-0.599918,0.00255752
544,14.8389,-0.343796,1.55063,14.843,-0.599918,0.00272139
545,14.8389,-0.343796,1.55063,14.843,-0.599918,0.00272139
546,14.8389,-0.343796,1.55063,14.843,-0.599918,0.00272139
547,14.8389,-0.343796,1.55063,14.843,-0.599918,0.00272139
548,14.8389,-0.343796,1.55063,14.843,-0.599918,0.00272139
549,14.8399,-0.343807,1.55087,14.843,-0.599918,0.00166766
550,14.8399,-0.343807,1.55087,14.843,-0.599918,0.00166766
551,14.8399,-0.343807,1.55087,14.843,-0.599918,0.00166766
552,14.8399,-0.343807,1.55087,14.843,-0.599918,0.00166766
553,14.8399,-0.343807,1.55087,14.843,-0.599918,0.00166766
554,14.8399,-0.343807,1.55087,14.843,-0.599918,0.00166766
555,14.8399,-0.343807,1.55087,14.843,-0.599918,0.00166766
556,14.8399,-0.343807,1.55087,14.843,-0.599918,0.00166766
557,14.8399,-0.343807,1.55087,14.843,-0.599918,0.00166766
558,14.8399,-0.343807,1.55087,14.843,-0.599918,0.00166766
559,14.8399,-0.343807,1.55087,14.843,-0.599918,0.00166766
560,14.8399,-0.343807,1.55087,14.843,-0.599918,0.00166766
561,14.8399,-0.343807,1.55087,14.843,-0.599918,0.00166766
562,14.8399,-0.343807,1.55087,14.843,-0.599918,0.00166766
563,14.8399,-0.343807,1.55087,14.843,-0.599918,0.00166766
